6.2989222720e+0
 6.4966520810e+0
 7.3094780870e+0
 6.5164482530e+0
 4.8356192090e+0
 8.2361319970e+0
 5.1882392660e+0
 7.3344497010e+0
 6.5370707130e+0
 3.4293879300e+0
 7.8189176880e+0
 6.2391434860e+0
 6.0735165350e+0
 5.6136178510e+0
 6.0496763700e+0
 5.6790525340e+0
 5.7477234000e+0
 6.6093189190e+0
 5.3465207660e+0
 6.2248863740e+0
 6.0618867820e+0
 8.0384087400e+0
 6.1216514830e+0
 8.0822271200e+0
 5.4938533710e+0
 5.6698491630e+0
 6.5793724560e+0
 7.0712763880e+0
 4.3338261620e+0
 4.9617091530e+0
 5.6059139810e+0
 5.0797075930e+0
 6.2284413250e+0
 5.2194652860e+0
 6.4682184490e+0
 5.1291805260e+0
 6.3162716730e+0
 4.9257812900e+0
 7.3713642420e+0
 6.2511649760e+0
 6.0740617110e+0
 4.5171788400e+0
 6.7304026520e+0
 4.6034023590e+0
 4.9482942570e+0
 6.2936143560e+0
 5.5102179410e+0
 5.9017515760e+0
 6.7848798990e+0
 7.1524310100e+0
 5.6591450500e+0
 5.8022904730e+0
 5.3562288150e+0
 5.1985663530e+0
 5.9598941040e+0
 6.4731855330e+0
 3.4337199780e+0
 5.4348357530e+0
 8.0166156190e+0
 5.4932876640e+0
 5.1790184230e+0
 5.0445151330e+0
 6.6993170650e+0
 6.0192174750e+0
 6.0298335760e+0
 4.5191705200e+0
 6.7472731030e+0
 6.6620739310e+0
 4.2045275130e+0
 5.7295148820e+0
 6.9578624450e+0
 6.9276978450e+0
 6.5741485330e+0
 6.0363716250e+0
 6.0037728000e+0
 6.6484442130e+0
 4.7230932260e+0
 7.7375974480e+0
 6.0824601940e+0
 5.1968351150e+0
 5.4334624770e+0
 6.2549129720e+0
 7.8075404850e+0
 4.5975116890e+0
 6.7216842700e+0
 6.3461761550e+0
 3.0344591950e+0
 7.8820734590e+0
 6.9323209080e+0
 7.1067280400e+0
 5.7152689070e+0
 6.4271254180e+0
 5.2549712900e+0
 6.1156413750e+0
 5.6176783090e+0
 5.2801754510e+0
 5.8326555570e+0
 5.8872653800e+0
 3.1863133360e+0
 6.1065036880e+0
 4.1189719830e+0
 5.0430027350e+0
 6.0029196240e+0
 6.3259873530e+0
 4.8898704660e+0
 5.6189026160e+0
 5.6600569760e+0
 6.5992543410e+0
 3.1681725740e+0
 4.0509009980e+0
 4.9057945650e+0
 5.7531654360e+0
 7.0622101830e+0
 5.3597345120e+0
 6.5489130010e+0
 5.4437298400e+0
 6.4966413020e+0
 6.0484776190e+0
 4.8015220310e+0
 5.9354210090e+0
 8.2571953600e+0
 5.9678438510e+0
 7.1365859540e+0
 7.0378380570e+0
 4.7567598590e+0
 6.5736707300e+0
 7.3341226580e+0
 6.9292737930e+0
 7.4420387300e+0
 7.0420960750e+0
 5.3557334840e+0
 6.7427331310e+0
 4.2277963560e+0
 5.2714224910e+0
 7.3501719810e+0
 5.7070440220e+0
 4.5044261210e+0
 6.0968324530e+0
 5.2744533690e+0
 6.8874327870e+0
 8.3151501950e+0
 4.7128002770e+0
 6.2803212150e+0
 5.0391084390e+0
 3.8226864830e+0
 6.3286404690e+0
 6.1972941760e+0
 6.2239041740e+0
 4.6284782660e+0
 5.5185267730e+0
 5.4843379800e+0
 5.9660526900e+0
 5.6352210090e+0
 6.0746088980e+0
 5.3847767210e+0
 4.6714966560e+0
 4.0664074610e+0
 6.3868738390e+0
 6.8987335680e+0
 5.6416593740e+0
 6.8637182750e+0
 8.3292108260e+0
 6.0368981150e+0
 4.2870844380e+0
 5.1077373770e+0
 5.5833791540e+0
 5.6762221170e+0
 5.5614261640e+0
 7.0221529440e+0
 5.4350229230e+0
 5.4166788910e+0
 5.9909741380e+0
 6.9335281500e+0
 5.4715384970e+0
 3.4149354570e+0
 5.7005581230e+0
 5.5243659890e+0
 7.4974747570e+0
 5.4912627330e+0
 3.1589195680e+0
 8.1553407130e+0
 5.3820679960e+0
 6.2122909330e+0
 6.3791747780e+0
 6.4869826690e+0
 6.8010214490e+0
 4.2312968680e+0
 6.8326938280e+0
 6.4597932350e+0
 5.9717062460e+0
 5.5913203690e+0
 6.2093293410e+0
 5.9579071010e+0
 5.6682031350e+0
 7.8213766070e+0
 6.4851805350e+0
 5.7330198340e+0
 4.3399692040e+0
 5.1574125320e+0
 5.7280142720e+0
 6.8600257390e+0
 6.5771719420e+0
 4.3782319900e+0
 6.1452897010e+0
 5.0853084560e+0
 6.7762415640e+0
 5.4847732280e+0
 6.0248670840e+0
 6.0229761730e+0
 6.5379914240e+0
 5.6887759830e+0
 3.7731440650e+0
 4.6859753580e+0
 7.3260569930e+0
 5.5231034830e+0
 8.0077001970e+0
 6.4171234530e+0
 5.8105190560e+0
 5.9950541210e+0
 4.9694946410e+0
 5.1305986690e+0
 6.0317805410e+0
 4.1139677690e+0
 6.6772874700e+0
 6.9944546370e+0
 6.1864405530e+0
 6.8248610980e+0
 6.8847225350e+0
 6.3567332580e+0
 6.3560526030e+0
 6.8976589700e+0
 6.3917671310e+0
 5.3328033240e+0
 4.9632349800e+0
 6.9294630360e+0
 7.6640247300e+0
 7.0314537630e+0
 7.9820357530e+0
 5.3226645900e+0
 6.0097989710e+0
 5.8006576650e+0
 5.2609703520e+0
 6.0041852410e+0
 6.5580125800e+0
 4.2916461210e+0
 5.7688483680e+0
 6.4695309230e+0
 5.9742937760e+0
 4.9015895310e+0
 5.0550489970e+0
 6.3020937140e+0
 7.1057730110e+0
 6.0169946390e+0
 5.8428401180e+0
 6.8133855930e+0
 5.6688610380e+0
 7.4439068610e+0
 5.5172239880e+0
 5.2177405300e+0
 6.8444223700e+0
 5.3640094800e+0
 6.5493499500e+0
 5.6278763160e+0
 4.2614543640e+0
 6.4924524950e+0
 5.1118080520e+0
 5.6000228600e+0
 5.6034720050e+0
 5.3699713780e+0
 5.5085140080e+0
 6.8730569760e+0
 6.3836570800e+0
 6.6026994770e+0
 4.1121386590e+0
 4.6501838590e+0
 4.8392545640e+0
 6.1174081300e+0
 5.5081955990e+0
 6.5732496220e+0
 6.3073332930e+0
 5.7536178080e+0
 7.0323656560e+0
 5.6916144560e+0
 6.5766207930e+0
 7.3760828370e+0
 7.0524761020e+0
 6.8774552260e+0
 5.8024658160e+0
 7.7727402690e+0
 6.1094101860e+0
 5.8019709060e+0
 7.0884229930e+0
 5.8325370270e+0
 4.1500876360e+0
 6.7926688540e+0
 6.4260989380e+0
 6.5682678430e+0
 5.4219991110e+0
 4.9091687540e+0
 5.9389786860e+0
 6.2639701100e+0
 5.8131973550e+0
 4.7879615720e+0
 6.5244643750e+0
 5.1848299060e+0
 5.2197821870e+0
 5.9358219720e+0
 6.3511769380e+0
 5.3691511540e+0
 6.3142880430e+0
 4.5461175080e+0
 6.4447756810e+0
 6.4439362270e+0
 3.5830845020e+0
 6.6274379740e+0
 6.9158086210e+0
 6.1377826020e+0
 5.7222575260e+0
 5.9508735820e+0
 6.5561890740e+0
 7.3158253710e+0
 4.6168885230e+0
 6.3803603500e+0
 6.9542478120e+0
 4.8674814360e+0
 6.7542379710e+0
 6.0103979330e+0
 4.6631068880e+0
 5.1001186230e+0
 6.6666363800e+0
 6.3300641610e+0
 7.3333932170e+0
 6.6216015760e+0
 5.7389307010e+0
 4.1535037770e+0
 6.2826004660e+0
 6.4806975610e+0
 6.1921317560e+0
 7.3321839330e+0
 5.8179736500e+0
 6.4396080500e+0
 6.4376123910e+0
 6.4205246310e+0
 7.2577620840e+0
 6.7226877830e+0
 6.6000894940e+0
 7.0872678380e+0
 6.3699493740e+0
 5.7497199240e+0
 4.8656898640e+0
 7.5460318270e+0
 6.2999051550e+0
 5.1440202830e+0
 7.5242785370e+0
 7.2973286950e+0
 5.8749667420e+0
 4.9876351310e+0
 6.4956726030e+0
 7.0024804870e+0
 6.7015988500e+0
 5.6342628590e+0
 6.0979545920e+0
 6.3289720330e+0
 5.5483797870e+0
 7.0943040460e+0
 7.1552563270e+0
 4.7508357640e+0
 6.0356918800e+0
 5.2870436830e+0
 5.3199583110e+0
 5.6361509230e+0
 6.8766013090e+0
 6.6681448970e+0
 4.3049111290e+0
 7.2119856370e+0
 5.7401112980e+0
 6.1483620310e+0
 7.7247783800e+0
 4.6146547940e+0
 5.3151041940e+0
 6.5880759140e+0
 6.0765362760e+0
 6.2501803500e+0
 7.1620946800e+0
 6.1385824190e+0
 6.9758916270e+0
 7.5391103480e+0
 6.3191053220e+0
 6.1033104680e+0
 4.6869772650e+0
 4.8231168600e+0
 6.4385590920e+0
 7.6994656840e+0
 4.6215661570e+0
 6.9569559380e+0
 5.8373020580e+0
 6.2911141290e+0
 5.8660711960e+0
 4.8746023030e+0
 7.6953060320e+0
 6.5184854510e+0
 6.9005122450e+0
 4.7935773670e+0
 5.3386826560e+0
 4.9279507170e+0
 8.0851291400e+0
 5.9771409430e+0
 5.5496712420e+0
 4.2238803680e+0
 7.1220667590e+0
 3.7095487040e+0
 4.7464718040e+0
 6.1949471340e+0
 6.7141156350e+0
 6.7261262360e+0
 6.2472228310e+0
 5.5715506860e+0
 6.4022940330e+0
 4.8533921200e+0
 6.2044051530e+0
 3.7685217730e+0
 9.0372589320e+0
 6.1971954800e+0
 5.7895203280e+0
 4.5857246640e+0
 4.6121627450e+0
 6.0569268870e+0
 5.0681689660e+0
 5.6485418290e+0
 4.1532250190e+0
 5.1256393630e+0
 6.3762286820e+0
 5.0896197030e+0
 6.5207202550e+0
 5.3134133740e+0
 6.4892812370e+0
 6.5698324160e+0
 5.0270066520e+0
 5.7999513760e+0
 6.6301027220e+0
 7.4217893870e+0
 6.2351085620e+0
 7.0672750490e+0
 7.0116476740e+0
 7.1538558570e+0
 6.4573439180e+0
 7.1204810230e+0
 5.8477032490e+0
 5.8468974510e+0
 7.6327393790e+0
 6.2436072910e+0
 5.7496460250e+0
 6.5026870650e+0
 7.1123939380e+0
 7.7359386930e+0
 5.1421793410e+0
 4.7082956300e+0
 3.3870329490e+0
 5.5914323930e+0
 2.9222519960e+0
 5.6848823110e+0
 5.8351994190e+0
 5.9180840370e+0
 6.2404211340e+0
 6.1776687070e+0
 6.1947008440e+0
 4.2220131790e+0
 5.9814925910e+0
 5.8298772280e+0
 7.2764536990e+0
 7.7166689040e+0
 6.8451664260e+0
 6.8397672110e+0
 5.3231181260e+0
 6.3283710550e+0
 6.6032375150e+0
 7.4273133260e+0
 5.6189504440e+0
 3.2977051120e+0
 8.1001705050e+0
 2.3269321570e+0
 5.9772618790e+0
 6.5109554180e+0
 6.2097110460e+0
 6.3858355430e+0
 6.1937606210e+0
 6.2434407410e+0
 4.2913755390e+0
 5.0122852050e+0
 8.0280610270e+0
 5.5905399380e+0
 6.4895881900e+0
 7.1049222520e+0
 6.6758551230e+0
 6.5654622250e+0
 7.1095788710e+0
 6.6073082670e+0
 6.4514323810e+0
 6.5065567840e+0
 6.1739777990e+0
 4.5452694350e+0
 5.6931362850e+0
 5.7973582510e+0
 7.3727320580e+0
 6.0277450480e+0
 7.0165636000e+0
 4.9042059750e+0
 6.0333801240e+0
 6.4780555480e+0
 4.5101142910e+0
 3.3470663190e+0
 6.0165668230e+0
 6.3027548170e+0
 5.2756259780e+0
 6.5562299780e+0
 8.0397675140e+0
 5.8370216190e+0
 4.6025765250e+0
 6.7216392750e+0
 5.1557159030e+0
 5.4780154460e+0
 6.2226553130e+0
 6.0653681010e+0
 6.7484581660e+0
 6.9071334240e+0
 5.9101204840e+0
 4.3816800680e+0
 6.0204890420e+0
 5.3520142890e+0
 6.4841536590e+0
 4.2489630880e+0
 6.0116268260e+0
 5.2498455510e+0
 4.2386045270e+0
 5.3436004170e+0
 5.9287803430e+0
 5.3719361210e+0
 4.1643088880e+0
 5.0201838460e+0
 5.8139773940e+0
 5.4679516700e+0
 5.2700827490e+0
 6.4505212830e+0
 6.0412736660e+0
 6.8203024510e+0
 7.3917959800e+0
 5.6392729280e+0
 5.1806804130e+0
 4.4687099970e+0
 6.3209132960e+0
 5.8129223990e+0
 6.7644193390e+0
 5.0447303830e+0
 5.9887907390e+0
 3.7337239800e+0
 7.3909042170e+0
 6.2227288750e+0
 6.6770323400e+0
 5.7565846410e+0
 5.4150173690e+0
 5.2201892810e+0
 5.2032497770e+0
 5.9720259340e+0
 6.5747842770e+0
 6.8848141140e+0
 8.3901309040e+0
 5.8968336070e+0
 7.7449949810e+0
 5.3840000580e+0
 6.9230680110e+0
 4.7807358970e+0
 6.4165462970e+0
 5.7526598460e+0
 3.4132415990e+0
 6.0592248980e+0
 5.7421224050e+0
 6.2662551550e+0
 5.3817177870e+0
 5.4716424410e+0
 5.8385891300e+0
 6.8308577990e+0
 4.9516075930e+0
 5.6406000300e+0
 7.0485137950e+0
 6.5199873310e+0
 7.0949005830e+0
 5.9279778800e+0
 3.8189352250e+0
 5.0231460800e+0
 4.7209302400e+0
 5.1362571640e+0
 4.4550521100e+0
 6.2100617330e+0
 6.2765973480e+0
 5.5603684280e+0
 6.7695343700e+0
 6.1728252360e+0
 4.6766605950e+0
 6.9924414670e+0
 6.1795554740e+0
 4.9026187140e+0
 6.1430817610e+0
 6.0183813560e+0
 5.7648938050e+0
 5.6417558420e+0
 6.5191483490e+0
 7.5345478040e+0
 5.4376362040e+0
 5.1299451740e+0
 3.9005707440e+0
 5.0092425210e+0
 4.7370665430e+0
 4.4434014620e+0
 5.4980304410e+0
 5.9982417620e+0
 6.3265108290e+0
 6.1810399640e+0
 6.0122260660e+0
 3.6997987780e+0
 4.5321692260e+0
 7.2101428420e+0
 5.5398797950e+0
 4.0915000740e+0
 6.3097165540e+0
 5.5270281620e+0
 4.9778501400e+0
 6.3213726680e+0
 5.6418260690e+0
 5.0146083150e+0
 6.9751876140e+0
 5.8138541740e+0
 6.4708299070e+0
 7.1956364690e+0
 5.3235867360e+0
 4.7721600460e+0
 4.6272673220e+0
 6.9739425900e+0
 6.4644332650e+0
 5.8254928170e+0
 5.9173628350e+0
 6.4923426590e+0
 5.1746928230e+0
 5.8557596680e+0
 6.2437604590e+0
 6.0644061290e+0
 4.8062042120e+0
 6.5726515080e+0
 6.1957586480e+0
 5.1287778260e+0
 5.4267300050e+0
 4.7110167980e+0
 6.9710101610e+0
 5.5147567760e+0
 6.5520164180e+0
 6.0241342860e+0
 4.8822304670e+0
 5.5077786840e+0
 5.0506922540e+0
 6.2703487800e+0
 6.3832201560e+0
 4.8104714940e+0
 6.5033365070e+0
 7.7465273180e+0
 5.3311182030e+0
 5.3723903090e+0
 4.9812241020e+0
 5.2321169790e+0
 5.2589165940e+0
 4.8751212180e+0
 7.1771009050e+0
 3.6027094940e+0
 5.7477899260e+0
 5.8175992950e+0
 5.9114155010e+0
 7.6233753790e+0
 5.1044731270e+0
 3.6214631310e+0
 6.4493081710e+0
 5.1717919720e+0
 4.5508676300e+0
 5.8353116470e+0
 7.2744602440e+0
 4.9547811220e+0
 6.4751420220e+0
 4.4083297290e+0
 7.2647809350e+0
 6.9798741270e+0
 4.4297925820e+0
 6.9662152980e+0
 7.1213851860e+0
 6.6300838640e+0
 5.5901239580e+0
 7.6787988460e+0
 6.0970718970e+0
 6.2225839530e+0
 6.1469116820e+0
 5.0054791360e+0
 3.8018691030e+0
 7.2235716520e+0
 7.0055524520e+0
 6.9330947960e+0
 7.0461883830e+0
 6.8826122050e+0
 6.2621235770e+0
 6.4020629920e+0
 7.0166935840e+0
 6.9880313350e+0
 5.0178385370e+0
 4.9849335300e+0
 4.9419839580e+0
 4.6452907810e+0
 6.9912789330e+0
 5.2159052470e+0
 6.3698293750e+0
 6.8155339980e+0
 6.9228727160e+0
 6.1692055770e+0
 6.1825562030e+0
 6.8432693820e+0
 7.3842207720e+0
 7.0241470170e+0
 7.1471746840e+0
 6.7607449310e+0
 7.4361876710e+0
 5.6472888800e+0
 6.6512127960e+0
 7.2057549920e+0
 6.4277307350e+0
 6.2233183040e+0
 4.9984082930e+0
 4.5581311520e+0
 5.7643108280e+0
 4.4266566790e+0
 3.7990716920e+0
 5.7451449600e+0
 7.1484342780e+0
 5.4829043720e+0
 5.0376955100e+0
 6.4568347050e+0
 7.7117296160e+0
 6.1445086580e+0
 6.0628887610e+0
 6.1709630100e+0
 5.3842693790e+0
 7.3051887480e+0
 6.0283094580e+0
 5.7872096580e+0
 6.7298850760e+0
 6.3130448790e+0
 5.6902921100e+0
 5.9199253360e+0
 4.3812792620e+0
 5.8469384490e+0
 5.8297496710e+0
 4.6833357680e+0
 6.3193529960e+0
 6.4120146990e+0
 8.2950930300e+0
 6.9025110840e+0
 7.2373346060e+0
 5.3829234120e+0
 7.3913638150e+0
 6.2264665690e+0
 6.5156962750e+0
 7.4934362070e+0
 5.1031559450e+0
 6.9098008810e+0
 4.1655563570e+0
 4.7717044110e+0
 5.9229810230e+0
 6.7304975340e+0
 6.1766398240e+0
 7.2761113400e+0
 7.1137251220e+0
 6.7575436250e+0
 7.5395231630e+0
 6.9450931040e+0
 8.8806749860e+0
 7.6316718740e+0
 5.7160525510e+0
 7.7339413670e+0
 6.3771963900e+0
 7.4448144360e+0
 7.4456160530e+0
 5.5391036630e+0
 5.0223768650e+0
 5.5567910160e+0
 5.8704624480e+0
 8.0658889280e+0
 8.1695175650e+0
 6.5426255110e+0
 5.0687820370e+0
 6.8174428420e+0
 6.5883532560e+0
 6.5545180420e+0
 6.3047444400e+0
 5.2758233470e+0
 7.8328912400e+0
 6.6974905060e+0
 5.4441813480e+0
 6.0674900350e+0
 6.2765890090e+0
 5.9947054580e+0
 5.0492147060e+0
 5.4267053840e+0
 6.6875347230e+0
 5.0263494940e+0
 5.3038112300e+0
 5.1166585060e+0
 5.8998311830e+0
 6.4872711570e+0
 5.2087167590e+0
 4.6546546160e+0
 7.8016602440e+0
 8.5670063280e+0
 5.4213809570e+0
 7.2523976300e+0
 4.2261478720e+0
 6.4628465420e+0
 8.0722185630e+0
 5.8494131420e+0
 6.2731861770e+0
 5.3186618380e+0
 4.9538900140e+0
 5.9926923720e+0
 5.2999637790e+0
 6.4858563600e+0
 5.9133240540e+0
 5.3847120120e+0
 6.0651386950e+0
 5.7553705270e+0
 6.4383080940e+0
 6.2826803690e+0
 6.4861619920e+0
 3.1935588170e+0
 6.0639033050e+0
 5.5921274330e+0
 6.6770938800e+0
 7.4418318470e+0
 6.9653452130e+0
 6.0478144180e+0
 5.4668042960e+0
 8.2166763140e+0
 6.4454211110e+0
 6.4018378860e+0
 6.5264578910e+0
 5.7793984660e+0
 6.0172788470e+0
 5.6048553780e+0
 5.2402622910e+0
 6.0507501950e+0
 5.9309000980e+0
 5.6048904790e+0
 5.8147483240e+0
 6.0369702430e+0
 6.7282042270e+0
 6.0854050670e+0
 5.9023811720e+0
 5.8092884010e+0
 5.4422980030e+0
 5.3420590350e+0
 5.6643189950e+0
 7.0952968130e+0
 5.8637202260e+0
 6.5478512980e+0
 5.0213575270e+0
 5.0853865110e+0
 5.6635764750e+0
 4.4099606330e+0
 7.6149985530e+0
 5.9526291710e+0
 8.0379345920e+0
 5.5710529750e+0
 6.0631205010e+0
 7.2555936730e+0
 5.4259254610e+0
 7.4052273990e+0
 5.8659947540e+0
 4.7835510210e+0
 4.9862562050e+0
 7.7635049410e+0
 8.1705828320e+0
 7.7151908930e+0
 6.6097879150e+0
 7.8908055240e+0
 5.4890155550e+0
 7.4791533440e+0
 5.9929752570e+0
 7.6220305000e+0
 6.7950195680e+0
 6.2371816530e+0
 4.4614708860e+0
 3.8802585060e+0
 5.6012896790e+0
 7.2627439790e+0
 6.0716171650e+0
 5.5188577190e+0
 5.1790278270e+0
 5.7329909160e+0
 6.1418740170e+0
 7.3744620740e+0
 5.8806525280e+0
 4.3147444720e+0
 5.8210783220e+0
 5.1616838370e+0
 5.0523415020e+0
 7.2858287570e+0
 4.5401114570e+0
 7.2303808660e+0
 3.7134514530e+0
 5.8675467640e+0
 5.9942458280e+0
 6.4913080270e+0
 7.9921204020e+0
 5.5965669500e+0
 6.6233934270e+0
 5.5424192710e+0
 6.7105170620e+0
 5.2252863470e+0
 6.1805255240e+0
 3.4354412400e+0
 6.7112427840e+0
 5.4585326760e+0
 6.2244561480e+0
 7.5353309500e+0
 7.4357624760e+0
 5.5384835760e+0
 6.6885347580e+0
 5.7204742490e+0
 7.2182567790e+0
 6.3860715300e+0
 6.9061285680e+0
 4.7701415570e+0
 5.9710306980e+0
 8.3048668200e+0
 5.7965842860e+0
 4.8926514050e+0
 5.4207739460e+0
 4.4774519860e+0
 5.5641475780e+0
 4.5929792930e+0
 7.0175077040e+0
 7.0274094490e+0
 4.0700946340e+0
 6.8873150510e+0
 6.3143365470e+0
 6.9585136960e+0
 6.5574398400e+0
 5.0284472800e+0
 4.6875927900e+0
 7.0371485180e+0
 7.0408166290e+0
 6.4993366710e+0
 5.9285349510e+0
 4.2228755870e+0
 7.5068835290e+0
 6.5856613440e+0
 5.2384511760e+0
 6.2044752170e+0
 4.7870756940e+0
 6.5436473300e+0
 3.7458748830e+0
 6.3951523540e+0
 4.6000827370e+0
 5.1916645090e+0
 5.5950356660e+0
 5.4265882400e+0
 5.8455500960e+0
 5.8832583010e+0
 4.8339152860e+0
 6.5303454240e+0
 4.8657938030e+0
 5.9985075620e+0
 6.1928831320e+0
 6.6657726450e+0
 7.1125780610e+0
 5.5708866530e+0
 6.8607533910e+0
 5.8225606160e+0
 5.1498548770e+0
 7.6129250120e+0
 5.3775561620e+0
 5.2131691440e+0
 5.8766018570e+0
 5.7531594790e+0
 6.7095000620e+0
 5.9861899190e+0
 5.8277650510e+0
 6.2200645060e+0
 6.4608383060e+0
 5.4587904900e+0
 6.9899347200e+0
 4.8698523620e+0
 6.0753174810e+0
 4.7587711490e+0
 5.6626285150e+0
 6.6379194350e+0
 7.3030157420e+0
 4.8085200440e+0
 5.7764317860e+0
 5.2623639540e+0
 7.0971241800e+0
 5.8248935280e+0
 4.3614479370e+0
 7.3083574390e+0
 6.0040983690e+0
 6.2888687060e+0
 4.0121808980e+0
 7.5295462700e+0
 8.6235409320e+0
 5.3298916340e+0
 4.4697060650e+0
 5.8559955740e+0
 5.4594088030e+0
 6.9189808090e+0
 3.9377926320e+0
 6.5413170120e+0
 5.9407179350e+0
 6.9500954470e+0
 4.9864256240e+0
 4.5005505860e+0
 6.4129190860e+0
 2.6881419890e+0
 5.3097503930e+0
 5.7315025590e+0
 6.8788797040e+0
 6.5703680160e+0
 6.9168578910e+0
 5.7087145580e+0
 5.4207583430e+0
 5.9569616870e+0
 5.7609632970e+0
 6.3218121200e+0
 5.1005994220e+0
 5.9931315410e+0
 4.8462214460e+0
 5.4087166150e+0
 7.2856941920e+0
 4.6346640830e+0
 5.2337291180e+0
 5.3640557540e+0
 7.0400825670e+0
 5.4493261750e+0
 3.4987783700e+0
 6.1725295500e+0
 5.2338568420e+0
 3.4951293290e+0
 5.8495953680e+0
 7.4188231700e+0
 6.6005263510e+0
 4.8102726590e+0
 6.4330954720e+0
 7.4814364790e+0
 5.5289900490e+0
 6.0047375920e+0
 4.9029037530e+0
 4.1637503190e+0
 5.0906389980e+0
 5.9021493530e+0
 7.3201702130e+0
 6.1649871570e+0
 4.0935689000e+0
 4.9042463950e+0
 5.6216412610e+0
 7.9132668540e+0
 5.5197814690e+0
 5.3038108100e+0
 5.7330099600e+0
 5.4397969320e+0
 6.3135029260e+0
 5.9005528690e+0
 6.6600270730e+0
 5.4550290800e+0
 6.6002350650e+0
 4.8421288560e+0
 6.1192341270e+0
 5.2089972560e+0
 7.0843655720e+0
 7.0399034940e+0
 6.3798810500e+0
 5.5993616190e+0
 6.7245730850e+0
 5.0476417160e+0
 5.6110522960e+0
 5.9067174840e+0
 5.5814726890e+0
 7.3663698550e+0
 6.6671834110e+0
 5.1217386100e+0
 6.2277993290e+0
 6.6329877610e+0
 7.5414200670e+0
 6.3746148400e+0
 5.8188524890e+0
 5.2677398550e+0
 5.1667706100e+0
 6.0853087240e+0
 6.7044132330e+0
 4.6013552180e+0
 4.8154538900e+0
 5.7823725370e+0
 7.3832202770e+0
 5.8465510570e+0
 5.7670130820e+0
 7.0511291620e+0
 5.9192049730e+0
 7.3908153880e+0
 4.3137261200e+0
 6.5945989340e+0
 7.8003367140e+0
 5.9949674200e+0
 6.2524051790e+0
 5.4474271310e+0
 5.2612299780e+0
 6.1210216900e+0
 5.3602202750e+0
 4.6720608840e+0
 5.7031887940e+0
 6.3380984830e+0
 6.3974797860e+0
 6.3762784810e+0
 5.4150341870e+0
 5.5120788620e+0
 5.2098040640e+0
 4.8165447800e+0
 5.6001135150e+0
 6.1511094550e+0
 4.7384770010e+0
 6.5620160870e+0
 5.8193270400e+0
 6.2172762690e+0
 6.9917049560e+0
 7.4465797240e+0
 6.6743210350e+0
 5.0794456440e+0
 6.1152690320e+0
 5.7740437650e+0
 5.2307177680e+0
 6.0148167830e+0
 5.9840890540e+0
 4.9571937120e+0
 5.7176423740e+0
 5.3940732330e+0
 5.5891833500e+0
 5.2790576940e+0
 5.0557926100e+0
 8.9194230580e+0
 4.4891579940e+0
 7.2160656270e+0
 5.5857616840e+0
 6.6565614870e+0
 5.2276594930e+0
 5.4308915150e+0
 4.9171756570e+0
 3.7422900560e+0
 6.8431902610e+0
 6.6535603570e+0
 5.5768786450e+0
 6.5249091330e+0
 5.4319597650e+0
 3.9454508120e+0
 8.8609986870e+0
 5.7394055380e+0
 5.9455069540e+0
 4.8299596660e+0
 6.1126451880e+0
 7.0431543600e+0
 5.2194367200e+0
 5.9094375080e+0
 6.9620046740e+0
 5.8817473850e+0
 4.8002689020e+0
 5.1031861700e+0
 6.1298589120e+0
 5.5321662340e+0
 6.7448398670e+0
 5.5084631670e+0
 6.1185622770e+0
 5.2550440230e+0
 6.5389772430e+0
 4.8793681500e+0
 6.1136837140e+0
 5.4876490710e+0
 6.8635378810e+0
 6.5300715480e+0
 4.8558445260e+0
 5.5740922320e+0
 5.7846439630e+0
 5.7609312860e+0
 4.6871990180e+0
 4.4861893460e+0
 5.4200132240e+0
 5.9110559640e+0
 6.6421612750e+0
 6.3190601440e+0
 6.0690510920e+0
 6.0073841970e+0
 6.5249235320e+0
 6.2423619140e+0
 5.5821114620e+0
 5.7899268000e+0
 6.0320153570e+0
 6.4692598990e+0
 5.7549253200e+0
 7.6147615370e+0
 4.5651657590e+0
 6.3462778700e+0
 6.0765586390e+0
 6.5123726280e+0
 5.4111020990e+0
 6.8720021540e+0
 3.8436966630e+0
 6.2150046670e+0
 6.8331002810e+0
 6.0264594880e+0
 6.8690188910e+0
 5.7808055430e+0
 7.8962148890e+0
 4.9637053190e+0
 5.8584217400e+0
 6.7217480110e+0
 5.3757527400e+0
 5.9564278730e+0
 4.1434540050e+0
 6.6517105330e+0
 5.0135093470e+0
 6.9075339490e+0
 5.2827303940e+0
 7.5424493030e+0
 6.2699810680e+0
 6.7523695740e+0
 5.9608224590e+0
 6.3907191030e+0
 6.6389120750e+0
 7.0835683730e+0
 6.3623201070e+0
 4.7818771470e+0
 4.9869684830e+0
 6.5704346670e+0
 4.5369745390e+0
 6.3502776290e+0
 6.6994189600e+0
 5.5748068220e+0
 6.8212407160e+0
 8.0171590110e+0
 6.5537969760e+0
 7.8622814550e+0
 5.9095221200e+0
 6.1456959760e+0
 6.7760923020e+0
 5.0428817240e+0
 5.6523381770e+0
 5.6214426440e+0
 6.4713095530e+0
 6.8864605870e+0
 7.0315955130e+0
 5.0741629860e+0
 5.0316585510e+0
 6.5932054160e+0
 5.6320933670e+0
 5.7950064870e+0
 6.8882330610e+0
 6.8057920710e+0
 5.9903594460e+0
 6.0177169940e+0
 6.0938567370e+0
 6.0934112960e+0
 4.7780423130e+0
 5.7448517080e+0
 5.2795768980e+0
 4.4401259100e+0
 5.7078456120e+0
 7.1033709310e+0
 6.1757984910e+0
 6.7152768600e+0
 5.9608121910e+0
 6.7253045670e+0
 6.8682305060e+0
 7.1804595090e+0
 4.7939077160e+0
 5.4368196880e+0
 5.4798879830e+0
 7.2241615000e+0
 7.2229948810e+0
 6.6162436610e+0
 4.5863985070e+0
 7.2533412230e+0
 5.1478314910e+0
 6.0059952870e+0
 6.6519988780e+0
 4.6267471190e+0
 5.7105611230e+0
 6.9617889350e+0
 6.7085899810e+0
 5.7237575510e+0
 7.0127835550e+0
 5.1373422980e+0
 7.2427003680e+0
 5.5205186730e+0
 6.5789815240e+0
 5.6318387560e+0
 6.1743202550e+0
 7.0136962540e+0
 5.3985101580e+0
 4.5818688820e+0
 4.3350465460e+0
 6.8160935170e+0
 6.1210408470e+0
 7.0155413880e+0
 6.8426596470e+0
 5.3315644760e+0
 4.1556176860e+0
 6.4839066320e+0
 5.8213192500e+0
 5.9575706450e+0
 7.7604326350e+0
 6.0802752140e+0
 5.4412005720e+0
 4.7571823280e+0
 6.1160862760e+0
 5.8835418840e+0
 4.4950554160e+0
 5.2505139020e+0
 5.0551245000e+0
 4.8191346540e+0
 5.3688707950e+0
 5.6870068770e+0
 5.3839440800e+0
 5.7838073900e+0
 6.9338756370e+0
 4.4145468150e+0
 6.8401668610e+0
 7.1458397550e+0
 6.8770182080e+0
 4.7150747050e+0
 6.9772419800e+0
 7.1311522920e+0
 4.8107440770e+0
 7.3643962530e+0
 5.7558937960e+0
 6.2343097470e+0
 6.7806017780e+0
 3.6521947460e+0
 5.9990214690e+0
 6.3350264510e+0
 5.9083501300e+0
 5.1038645990e+0
 5.0519666440e+0
 5.7592251420e+0
 5.2274512910e+0
 7.2408368360e+0
 5.8454797390e+0
 5.9859266380e+0
 7.1063311100e+0
 7.9545401780e+0
 5.0574071910e+0
 7.2495794180e+0
 7.2308305130e+0
 7.9043262680e+0
 4.6729155980e+0
 5.5808391860e+0
 6.5113057910e+0
 7.4447014650e+0
 6.5463500860e+0
 6.8145259060e+0
 6.1083225320e+0
 6.3496066490e+0
 6.8183376500e+0
 5.4686457610e+0
 4.8308672280e+0
 5.9132382570e+0
 4.7928580690e+0
 6.6015001920e+0
 7.1395883790e+0
 6.8783957130e+0
 6.9591154310e+0
 6.8068110670e+0
 6.9552898440e+0
 5.2599847070e+0
 3.9666171760e+0
 7.8227049460e+0
 8.0135502010e+0
 5.4062971280e+0
 6.3886890790e+0
 5.3159281990e+0
 4.3490138050e+0
 5.5870779620e+0
 6.0337676960e+0
 4.8506278810e+0
 5.8542440590e+0
 5.9585741710e+0
 6.7567296630e+0
 6.4023691420e+0
 5.3061420770e+0
 4.7815295540e+0
 8.1870790420e+0
 6.1876440510e+0
 7.9250510770e+0
 3.5428624350e+0
 6.9842610210e+0
 5.8023342990e+0
 4.2332132660e+0
 5.5856012750e+0
 7.7391854320e+0
 3.1471149130e+0
 6.4237620470e+0
 6.2001107040e+0
 5.6875674170e+0
 6.3372161460e+0
 6.1744313710e+0
 8.3823832480e+0
 5.6792848300e+0
 7.8748266990e+0
 6.1807900990e+0
 6.0899486900e+0
 6.3117379630e+0
 6.7591019960e+0
 7.6921410570e+0
 4.5655786240e+0
 6.2563063160e+0
 7.1756694460e+0
 5.6904446850e+0
 6.8367917330e+0
 4.7527229260e+0
 5.5498329930e+0
 4.6510189260e+0
 5.5135700710e+0
 5.9347654570e+0
 5.4074809130e+0
 5.0510140300e+0
 6.1504614760e+0
 6.1469090720e+0
 5.6372228180e+0
 7.1241256550e+0
 6.0588022290e+0
 5.0153483950e+0
 5.8924229390e+0
 5.6612087150e+0
 7.3095880810e+0
 6.5231282430e+0
 6.3250181260e+0
 3.9800231600e+0
 5.6128340260e+0
 6.2565559050e+0
 7.7011304210e+0
 6.4289860390e+0
 6.0893682080e+0
 4.8129198970e+0
 5.5171004140e+0
 6.5438822890e+0
 9.3675456730e+0
 6.6907485720e+0
 5.2368132690e+0
 7.0239472990e+0
 6.2929108500e+0
 5.3916393370e+0
 7.3805974370e+0
 6.7298333750e+0
 7.0868481430e+0
 5.9623633480e+0
 6.3081326080e+0
 5.8161811920e+0
 7.1906701060e+0
 5.9039368540e+0
 6.8657354300e+0
 6.7872200650e+0
 6.4384884670e+0
 6.5648422290e+0
 4.8000311520e+0
 6.3315043040e+0
 5.8178851400e+0
 6.5570250750e+0
 4.7961513840e+0
 5.6524496590e+0
 7.4908032080e+0
 7.2276166010e+0
 5.9088056540e+0
 6.9084006300e+0
 5.4739241000e+0
 5.0627014670e+0
 7.0022301620e+0
 7.0859274630e+0
 5.6397933380e+0
 7.0750885710e+0
 6.5743978100e+0
 6.5155161470e+0
 7.1166449470e+0
 8.2760074900e+0
 7.7809275730e+0
 7.2384983360e+0
 6.9789746590e+0
 5.0487769220e+0
 4.8161568080e+0
 5.7438164660e+0
 5.9741212760e+0
 6.0844895130e+0
 5.1898853290e+0
 6.8786701140e+0
 6.6103350170e+0
 3.7599021130e+0
  1.4073799880e+1
 1.4460446770e+1
 1.3448994710e+1
 1.3432998120e+1
 1.5611785920e+1
 1.4844514480e+1
 1.3432114480e+1
 1.3035875550e+1
 1.4497452720e+1
 1.3670912370e+1
 1.4489297710e+1
 1.3765130510e+1
 1.4099335240e+1
 1.6644127710e+1
 1.2812778890e+1
 1.3317191590e+1
 1.3233983610e+1
 1.4815434860e+1
 1.5473084000e+1
 1.1821290030e+1
 1.4709013200e+1
 1.3631488590e+1
 1.3126320600e+1
 1.3365312610e+1
 1.3533119230e+1
 1.2347015760e+1
 1.3441712770e+1
 1.4304873580e+1
 1.4122863220e+1
 1.4608281590e+1
 1.4189776820e+1
 1.3468769350e+1
 1.6120587130e+1
 1.3540104790e+1
 1.4407864140e+1
 1.2924270010e+1
 1.3749266690e+1
 1.5697276330e+1
 1.5306200790e+1
 1.3478414280e+1
 1.4632455200e+1
 1.4763649810e+1
 1.4033040810e+1
 1.4922098070e+1
 1.3250215120e+1
 1.5151497880e+1
 1.4471249040e+1
 1.3900597140e+1
 1.2905228740e+1
 1.3612899250e+1
 1.2271201370e+1
 1.3335843410e+1
 1.4499141730e+1
 1.3422907680e+1
 1.5409541730e+1
 1.3894242180e+1
 1.3888058070e+1
 1.3848553650e+1
 1.1280332760e+1
 1.4203938800e+1
 1.5220943860e+1
 1.4206686440e+1
 1.5019559810e+1
 1.5738862600e+1
 1.4453776890e+1
 1.3233484620e+1
 1.2722128720e+1
 1.4158021400e+1
 1.3982725680e+1
 1.4697571960e+1
 1.3853850570e+1
 1.4127542430e+1
 1.3633264590e+1
 1.4814342370e+1
 1.5424555310e+1
 1.3712569180e+1
 1.3319304860e+1
 1.5347413750e+1
 1.5157248910e+1
 1.4614202710e+1
 1.3381898490e+1
 1.5721183870e+1
 1.3029457580e+1
 1.3205406720e+1
 1.3878974490e+1
 1.4425526680e+1
 1.5434421230e+1
 1.4809987320e+1
 1.4298302980e+1
 1.4807691260e+1
 1.4315430230e+1
 1.4192502400e+1
 1.5736415630e+1
 1.4016640760e+1
 1.3667553980e+1
 1.4293254440e+1
 1.2862201140e+1
 1.3968770500e+1
 1.5207816400e+1
 1.2965682580e+1
 1.2517363880e+1
 1.5035234540e+1
 1.3027023190e+1
 1.2514617260e+1
 1.3128278170e+1
 1.3725479050e+1
 1.4075380460e+1
 1.4265110860e+1
 1.3252944020e+1
 1.1976711820e+1
 1.3259774930e+1
 1.4385644260e+1
 1.4903803000e+1
 1.2040754830e+1
 1.4939368780e+1
 1.4331180450e+1
 1.4804263030e+1
 1.4877999670e+1
 1.3923977210e+1
 1.3142823390e+1
 1.5160955510e+1
 1.3569912550e+1
 1.4160729540e+1
 1.4296882600e+1
 1.3296726910e+1
 1.3171366320e+1
 1.3314465020e+1
 1.4657472310e+1
 1.3908184480e+1
 1.3785997020e+1
 1.5243341890e+1
 1.3413189820e+1
 1.3339630010e+1
 1.4515365710e+1
 1.2920095860e+1
 1.3934378210e+1
 1.3171375570e+1
 1.3861385740e+1
 1.4969114590e+1
 1.3994383790e+1
 1.4939313690e+1
 1.3937225030e+1
 1.5356754130e+1
 1.4944193740e+1
 1.4696784740e+1
 1.4533852750e+1
 1.4561515010e+1
 1.4454926550e+1
 1.4853681290e+1
 1.3346693240e+1
 1.3300919870e+1
 1.3007350740e+1
 1.1920859090e+1
 1.2828972010e+1
 1.3009609630e+1
 1.3697167410e+1
 1.0876954990e+1
 1.3791695190e+1
 1.4774066370e+1
 1.3896087820e+1
 1.3892579470e+1
 1.3011509750e+1
 1.2829340210e+1
 1.4310240200e+1
 1.4464215170e+1
 1.4859004280e+1
 1.4564080560e+1
 1.4556897690e+1
 1.5664098580e+1
 1.3956535110e+1
 1.3336019630e+1
 1.4947097610e+1
 1.4130625300e+1
 1.5736611090e+1
 1.3625432110e+1
 1.3095075210e+1
 1.4354056960e+1
 1.2475545510e+1
 1.3577017450e+1
 1.5112862070e+1
 1.5064652640e+1
 1.5421245070e+1
 1.3166795610e+1
 1.4764718640e+1
 1.4547077270e+1
 1.3713085670e+1
 1.2802372860e+1
 1.3590981340e+1
 1.5953180530e+1
 1.3216606640e+1
 1.2758474120e+1
 1.5556281480e+1
 1.3903218970e+1
 1.4631668030e+1
 1.4257768250e+1
 1.5259900180e+1
 1.3211886180e+1
 1.3982899120e+1
 1.2617006250e+1
 1.4395123360e+1
 1.3105711050e+1
 1.3292321490e+1
 1.4231613000e+1
 1.2750142660e+1
 1.4261967030e+1
 1.4621822970e+1
 1.3014926240e+1
 1.5119505290e+1
 1.2644779340e+1
 1.5838861060e+1
 1.4455985420e+1
 1.4080826290e+1
 1.2003231900e+1
 1.3870078440e+1
 1.3106566470e+1
 1.5042207120e+1
 1.5668520960e+1
 1.5828395480e+1
 1.4434058460e+1
 1.4089137220e+1
 1.4442007360e+1
 1.3702032970e+1
 1.4378482950e+1
 1.2556302040e+1
 1.4364495280e+1
 1.4754450780e+1
 1.2817830560e+1
 1.4912752820e+1
 1.5780178270e+1
 1.5588729680e+1
 1.5711862590e+1
 1.3137932310e+1
 1.3848826690e+1
 1.3501640080e+1
 1.3217946060e+1
 1.4782651530e+1
 1.3337945270e+1
 1.3683538790e+1
 1.4685298540e+1
 1.4366734380e+1
 1.6261145390e+1
 1.1519111950e+1
 1.4205038020e+1
 1.3509366730e+1
 1.3303612850e+1
 1.3216816200e+1
 1.3660570850e+1
 1.3743720890e+1
 1.4482290950e+1
 1.2830453460e+1
 1.4685400410e+1
 1.4624738180e+1
 1.2236475290e+1
 1.3213965650e+1
 1.3635881660e+1
 1.2714451190e+1
 1.3780941420e+1
 1.3006002620e+1
 1.4275341060e+1
 1.4572215280e+1
 1.3331896340e+1
 1.5129050340e+1
 1.2139904090e+1
 1.4714925360e+1
 1.3148992350e+1
 1.2309256130e+1
 1.3949155220e+1
 1.3080857370e+1
 1.5884940250e+1
 1.4686077540e+1
 1.4937344270e+1
 1.5998360460e+1
 1.3902407700e+1
 1.3666875150e+1
 1.2738698090e+1
 1.3369461550e+1
 1.3910786800e+1
 1.5941113170e+1
 1.4586366630e+1
 1.1804434160e+1
 1.2795655880e+1
 1.2876005530e+1
 1.3179336480e+1
 1.4141663130e+1
 1.4393255300e+1
 1.4482169460e+1
 1.4716764900e+1
 1.5125400900e+1
 1.4818639090e+1
 1.2984534840e+1
 1.3894395710e+1
 1.4612969340e+1
 1.2619799070e+1
 1.4367565800e+1
 1.4061537440e+1
 1.3037530330e+1
 1.3565463990e+1
 1.3859829990e+1
 1.4494529980e+1
 1.5557878060e+1
 1.5663710670e+1
 1.4757672360e+1
 1.5518114210e+1
 1.4500199480e+1
 1.2963314300e+1
 1.5291647660e+1
 1.4287702060e+1
 1.4100659350e+1
 1.3971586880e+1
 1.3110142540e+1
 1.5223322370e+1
 1.4406988300e+1
 1.3648438640e+1
 1.6137795710e+1
 1.3121419930e+1
 1.4511302780e+1
 1.1905700880e+1
 1.4575372200e+1
 1.1793990300e+1
 1.3246528470e+1
 1.5916563470e+1
 1.1934885390e+1
 1.5100311340e+1
 1.4134879630e+1
 1.3088140840e+1
 1.3958777390e+1
 1.3086834990e+1
 1.5288709400e+1
 1.4955350690e+1
 1.2492406750e+1
 1.4450847290e+1
 1.2971265190e+1
 1.5290226320e+1
 1.4995537240e+1
 1.4916322190e+1
 1.4641508430e+1
 1.3671064630e+1
 1.3887612520e+1
 1.2042000690e+1
 1.2685446320e+1
 1.3868221990e+1
 1.3830047610e+1
 1.4641224450e+1
 1.3944555870e+1
 1.3407929830e+1
 1.5922029700e+1
 1.5219003460e+1
 1.3674471960e+1
 1.2305968980e+1
 1.5296261140e+1
 1.2962538850e+1
 1.2462506960e+1
 1.4230758150e+1
 1.4726789880e+1
 1.2721544590e+1
 1.4531254910e+1
 1.4684506740e+1
 1.3930902800e+1
 1.3549278960e+1
 1.4680206230e+1
 1.5850706920e+1
 1.4859229580e+1
 1.5164996160e+1
 1.4152755780e+1
 1.3396746810e+1
 1.3893744820e+1
 1.3424234200e+1
 1.5234806190e+1
 1.3574676320e+1
 1.4069589960e+1
 1.3576065110e+1
 1.2961583890e+1
 1.3969642520e+1
 1.2500243970e+1
 1.2137152720e+1
 1.3613960370e+1
 1.3576060170e+1
 1.1896422760e+1
 1.3829945850e+1
 1.2752047950e+1
 1.4533903910e+1
 1.3471328720e+1
 1.2660817380e+1
 1.1990765800e+1
 1.3410166570e+1
 1.1754437140e+1
 1.4270035380e+1
 1.3404639860e+1
 1.3747315440e+1
 1.5330574410e+1
 1.5237744240e+1
 1.3909147180e+1
 1.4720138670e+1
 1.2954919810e+1
 1.2979077460e+1
 1.3387817050e+1
 1.2993189330e+1
 1.4157177990e+1
 1.2270536360e+1
 1.4647123080e+1
 1.3660265240e+1
 1.3792304150e+1
 1.3481685680e+1
 1.3940221880e+1
 1.5303440970e+1
 1.2870376020e+1
 1.4017977950e+1
 1.5234536720e+1
 1.4507334460e+1
 1.4182915180e+1
 1.3543798720e+1
 1.4627353840e+1
 1.5013730060e+1
 1.3259527590e+1
 1.2591406220e+1
 1.3612011100e+1
 1.6098106080e+1
 1.5453762120e+1
 1.5321955830e+1
 1.2461709420e+1
 1.2348233450e+1
 1.5533653730e+1
 1.3615689390e+1
 1.2960094280e+1
 1.4646860300e+1
 1.4056700800e+1
 1.4124461630e+1
 1.3396790850e+1
 1.2452278920e+1
 1.3971877060e+1
 1.4997223770e+1
 1.1599593360e+1
 1.5367623260e+1
 1.3302153940e+1
 1.5689715940e+1
 1.5887983410e+1
 1.0782982450e+1
 1.4229999950e+1
 1.4417342840e+1
 1.4577078860e+1
 1.1676886860e+1
 1.4607322260e+1
 1.3485287300e+1
 1.3149426160e+1
 1.6273521220e+1
 1.5014830360e+1
 1.2544080910e+1
 1.4278957570e+1
 1.3345969000e+1
 1.4927701730e+1
 1.5490769430e+1
 1.4340227300e+1
 1.3761326800e+1
 1.4963875060e+1
 1.4575835970e+1
 1.2725060880e+1
 1.3824285700e+1
 1.4022642930e+1
 1.2617968460e+1
 1.3654677760e+1
 1.1982432660e+1
 1.3939420400e+1
 1.3350674210e+1
 1.4785213080e+1
 1.3621599420e+1
 1.3222888070e+1
 1.3430440800e+1
 1.3169720740e+1
 1.3982819960e+1
 1.5713658320e+1
 1.3093149900e+1
 1.3719744310e+1
 1.5288987000e+1
 1.3527994870e+1
 1.4942248000e+1
 1.4367197500e+1
 1.3921725980e+1
 1.4186228580e+1
 1.3029382280e+1
 1.2466673380e+1
 1.4643406370e+1
 1.4068621320e+1
 1.4332413230e+1
 1.4994829510e+1
 1.3041168020e+1
 1.3637759640e+1
 1.3389022670e+1
 1.4523729210e+1
 1.3427107970e+1
 1.3448827600e+1
 1.4014631520e+1
 1.4556999840e+1
 1.3354953200e+1
 1.3683035320e+1
 1.5625520820e+1
 1.3130196920e+1
 1.4932752240e+1
 1.5075310770e+1
 1.4502964100e+1
 1.5071522340e+1
 1.3724064410e+1
 1.3258278070e+1
 1.2916730440e+1
 1.4310545930e+1
 1.5470894330e+1
 1.3949903990e+1
 1.5307716750e+1
 1.4520988850e+1
 1.2450687510e+1
 1.3249267430e+1
 1.3889975680e+1
 1.2119793740e+1
 1.3643852330e+1
 1.4508530730e+1
 1.3502106730e+1
 1.3996179750e+1
 1.5807736200e+1
 1.5476059900e+1
 1.4098347990e+1
 1.4336144470e+1
 1.4426569590e+1
 1.3915438240e+1
 1.5437586330e+1
 1.3692335580e+1
 1.3800181110e+1
 1.4708022530e+1
 1.4201917890e+1
 1.4373047150e+1
 1.5424009860e+1
 1.4006352680e+1
 1.3853474600e+1
 1.5310832600e+1
 1.4665272920e+1
 1.3014429000e+1
 1.4399532840e+1
 1.2556289010e+1
 1.4517784470e+1
 1.2568794330e+1
 1.5312268990e+1
 1.4945499510e+1
 1.5519544590e+1
 1.5641505550e+1
 1.5194417490e+1
 1.4011338500e+1
 1.3802066470e+1
 1.5187970830e+1
 1.4666396920e+1
 1.3580851230e+1
 1.4503852220e+1
 1.3566092030e+1
 1.3527795190e+1
 1.3006683140e+1
 1.4644193810e+1
 1.3442219390e+1
 1.4371625790e+1
 1.5017491810e+1
 1.3959381660e+1
 1.4859872330e+1
 1.3111735640e+1
 1.3549195740e+1
 1.2656221700e+1
 1.5657466960e+1
 1.5008793520e+1
 1.4728231430e+1
 1.3825075090e+1
 1.2071592060e+1
 1.2697488060e+1
 1.3260860680e+1
 1.5250120700e+1
 1.3823965600e+1
 1.3818319500e+1
 1.4776620610e+1
 1.2966982100e+1
 1.4447278350e+1
 1.4244860300e+1
 1.2642366890e+1
 1.3351205390e+1
 1.3673677710e+1
 1.3906582570e+1
 1.4235907660e+1
 1.3224575060e+1
 1.2978236570e+1
 1.1703909040e+1
 1.4404277220e+1
 1.3734528300e+1
 1.4050798160e+1
 1.3484378920e+1
 1.4461098000e+1
 1.4557187540e+1
 1.4004453470e+1
 1.3025163560e+1
 1.4108009350e+1
 1.4195999170e+1
 1.2832555160e+1
 1.6667813780e+1
 1.4829949560e+1
 1.5107932810e+1
 1.4689788240e+1
 1.4020899450e+1
 1.2318535140e+1
 1.3252553220e+1
 1.3660068530e+1
 1.3441236830e+1
 1.4663195930e+1
 1.4451816820e+1
 1.3482317220e+1
 1.2807545050e+1
 1.4280189610e+1
 1.4047146820e+1
 1.5485507790e+1
 1.4199379980e+1
 1.4329215590e+1
 1.1553229850e+1
 1.2722980440e+1
 1.2940827120e+1
 1.3339913190e+1
 1.3170368920e+1
 1.4273896350e+1
 1.4887743330e+1
 1.2618548360e+1
 1.3281847040e+1
 1.4133201580e+1
 1.5045461340e+1
 1.4206013340e+1
 1.5674641560e+1
 1.2109040150e+1
 1.4599194750e+1
 1.2328459480e+1
 1.5109497100e+1
 1.4208047830e+1
 1.4448502660e+1
 1.2563334600e+1
 1.4738957760e+1
 1.2015523740e+1
 1.4826808260e+1
 1.3911030860e+1
 1.4498188260e+1
 1.2631467430e+1
 1.3464686960e+1
 1.4434067040e+1
 1.2616527470e+1
 1.3495930930e+1
 1.4495888330e+1
 1.5794381410e+1
 1.3990458900e+1
 1.6640471820e+1
 1.5784443650e+1
 1.5647274510e+1
 1.4886310710e+1
 1.4664863170e+1
 1.3108779520e+1
 1.3177817450e+1
 1.3184134130e+1
 1.3397928960e+1
 1.2724665390e+1
 1.3073540910e+1
 1.5012333890e+1
 1.4568642400e+1
 1.3123617060e+1
 1.3850358750e+1
 1.3771590780e+1
 1.2659004500e+1
 1.6164441570e+1
 1.4599091800e+1
 1.3368483740e+1
 1.3712781370e+1
 1.4941029700e+1
 1.3793694490e+1
 1.3905012230e+1
 1.5289832700e+1
 1.3085616590e+1
 1.5312975890e+1
 1.3394650400e+1
 1.4070243100e+1
 1.3330725810e+1
 1.5614280980e+1
 1.5276278680e+1
 1.4166660970e+1
 1.4410600720e+1
 1.6237169040e+1
 1.1803246160e+1
 1.1772168570e+1
 1.4735861160e+1
 1.5703917490e+1
 1.5912009270e+1
 1.2850144810e+1
 1.4201043550e+1
 1.2587015940e+1
 1.2646126440e+1
 1.5302792180e+1
 1.5196178790e+1
 1.5907326930e+1
 1.4198476650e+1
 1.4708358610e+1
 1.4881779090e+1
 1.4075214250e+1
 1.5309016890e+1
 1.4265441360e+1
 1.3005626810e+1
 1.3401831910e+1
 1.4312567210e+1
 1.4178337780e+1
 1.5062655580e+1
 1.3891445220e+1
 1.5798131070e+1
 1.3165775220e+1
 1.4112556290e+1
 1.3851845280e+1
 1.6741005910e+1
 1.4745441990e+1
 1.3217116880e+1
 1.4036275020e+1
 1.3667885200e+1
 1.2603197000e+1
 1.4886481690e+1
 1.3904200960e+1
 1.4820471590e+1
 1.2433418670e+1
 1.3341609250e+1
 1.3611311180e+1
 1.2497421400e+1
 1.4458593310e+1
 1.4363604200e+1
 1.5066201920e+1
 1.5240232920e+1
 1.4597786650e+1
 1.3071530450e+1
 1.3200319460e+1
 1.2199068800e+1
 1.3243434160e+1
 1.4370465580e+1
 1.3422997760e+1
 1.5633086480e+1
 1.4004232150e+1
 1.6030766820e+1
 1.2200514130e+1
 1.4901073020e+1
 1.3435304680e+1
 1.3695091170e+1
 1.3857844350e+1
 1.3260062370e+1
 1.2838461670e+1
 1.4585321130e+1
 1.4864435820e+1
 1.5657583820e+1
 1.3046232790e+1
 1.3552615850e+1
 1.5115099510e+1
 1.4995009670e+1
 1.3086257560e+1
 1.4406743090e+1
 1.4787955300e+1
 1.2945408700e+1
 1.4348773800e+1
 1.4525021000e+1
 1.4296412170e+1
 1.3733092070e+1
 1.5055153490e+1
 1.2511026060e+1
 1.2650148890e+1
 1.5895153280e+1
 1.3307421240e+1
 1.4121307000e+1
 1.3627458960e+1
 1.3705017450e+1
 1.3275810400e+1
 1.2963635490e+1
 1.4679628660e+1
 1.5147682570e+1
 1.4578836010e+1
 1.4403041040e+1
 1.1619502480e+1
 1.2449896630e+1
 1.3779744570e+1
 1.4993948020e+1
 1.4250051810e+1
 1.4020197250e+1
 1.5297757980e+1
 1.5298537360e+1
 1.2907209780e+1
 1.4633015640e+1
 1.5896632570e+1
 1.3819290910e+1
 1.5074370670e+1
 1.2607965480e+1
 1.4914653510e+1
 1.4092652790e+1
 1.3106939060e+1
 1.3257367680e+1
 1.1938839910e+1
 1.3779997140e+1
 1.3151148810e+1
 1.4094201850e+1
 1.2871230340e+1
 1.5036689200e+1
 1.3944622700e+1
 1.3658883740e+1
 1.3830222280e+1
 1.4085044370e+1
 1.4454709950e+1
 1.4142688840e+1
 1.1727069830e+1
 1.3832896600e+1
 1.3937698440e+1
 1.3800062630e+1
 1.4651879730e+1
 1.4831127030e+1
 1.4089808790e+1
 1.3168183750e+1
 1.3252111260e+1
 1.2252534940e+1
 1.4296508230e+1
 1.3918615130e+1
 1.4505215090e+1
 1.3313854260e+1
 1.4107997040e+1
 1.4606326980e+1
 1.3784969860e+1
 1.2912890960e+1
 1.3723041700e+1
 1.5384931670e+1
 1.4058125790e+1
 1.3910090000e+1
 1.2404410760e+1
 1.5069504330e+1
 1.4624197550e+1
 1.5687438360e+1
 1.5056518200e+1
 1.2642374260e+1
 1.4226649680e+1
 1.2241320740e+1
 1.4612626050e+1
 1.2986916310e+1
 1.3088165180e+1
 1.3692278310e+1
 1.3570042230e+1
 1.3464967150e+1
 1.2801150630e+1
 1.3432417260e+1
 1.2694069720e+1
 1.6799442460e+1
 1.4605087790e+1
 1.2560918680e+1
 1.6372219660e+1
 1.5083481330e+1
 1.4143565890e+1
 1.3115117020e+1
 1.5727401050e+1
 1.4263954720e+1
 1.4301950070e+1
 1.2588734510e+1
 1.3899123450e+1
 1.5577096810e+1
 1.3731917200e+1
 1.4548421070e+1
 1.4230325310e+1
 1.4077938730e+1
 1.3582545620e+1
 1.3499738020e+1
 1.3517950240e+1
 1.5623029200e+1
 1.3322404240e+1
 1.3318725650e+1
 1.4705256690e+1
 1.4584767090e+1
 1.3832382000e+1
 1.3372558590e+1
 1.3692867200e+1
 1.5130102840e+1
 1.3921388800e+1
 1.4621811300e+1
 1.4221656450e+1
 1.3336899680e+1
 1.3577060740e+1
 1.2854972880e+1
 1.3531730690e+1
 1.3259786680e+1
 1.1939000150e+1
 1.4847796200e+1
 1.4570978380e+1
 1.3610760670e+1
 1.5411995280e+1
 1.3505075230e+1
 1.3482013560e+1
 1.5383815340e+1
 1.5589145730e+1
 1.4388745340e+1
 1.4227163620e+1
 1.3328577310e+1
 1.2966460100e+1
 1.5816373740e+1
 1.3966304870e+1
 1.3224461090e+1
 1.4422250190e+1
 1.6809322780e+1
 1.4086187450e+1
 1.2693385100e+1
 1.4587536620e+1
 1.5407619350e+1
 1.3798940350e+1
 1.5931181750e+1
 1.5181181540e+1
 1.4527608810e+1
 1.3895832320e+1
 1.2926224160e+1
 1.3822937790e+1
 1.4063859240e+1
 1.5013286590e+1
 1.3987651160e+1
 1.2763750960e+1
 1.3194825640e+1
 1.5514072580e+1
 1.3295770750e+1
 1.4003674970e+1
 1.3353788280e+1
 1.4656069240e+1
 1.3360225680e+1
 1.4436891070e+1
 1.2266559930e+1
 1.4434832040e+1
 1.1713138700e+1
 1.4035343060e+1
 1.3121955170e+1
 1.5128636280e+1
 1.2241991210e+1
 1.6159933300e+1
 1.3932403660e+1
 1.3630677040e+1
 1.3531335370e+1
 1.4593132170e+1
 1.3034502970e+1
 1.4733567790e+1
 1.4477859110e+1
 1.2341293220e+1
 1.4830011440e+1
 1.3506594090e+1
 1.2904002790e+1
 1.4720919280e+1
 1.4462500710e+1
 1.4124854770e+1
 1.7239797550e+1
 1.5266119250e+1
 1.3080471000e+1
 1.4861003570e+1
 1.4949694210e+1
 1.3790213690e+1
 1.4608207200e+1
 1.5633116200e+1
 1.3449458070e+1
 1.4352654960e+1
 1.2984302950e+1
 1.5361136580e+1
 1.3574392370e+1
 1.2310497850e+1
 1.3664517700e+1
 1.5229349070e+1
 1.2887115310e+1
 1.6108394030e+1
 1.3756488420e+1
 1.5120450750e+1
 1.2529025750e+1
 1.4437652730e+1
 1.3921867160e+1
 1.4262388320e+1
 1.3085102570e+1
 1.3752045400e+1
 1.4624251460e+1
 1.2837167000e+1
 1.2905247010e+1
 1.4628592910e+1
 1.3907187270e+1
 1.4779120780e+1
 1.2845093190e+1
 1.2722378260e+1
 1.3102950690e+1
 1.3614684850e+1
 1.3040265690e+1
 1.4503167890e+1
 1.3565427860e+1
 1.5022134540e+1
 1.4189992970e+1
 1.1660520410e+1
 1.4063089480e+1
 1.3270572090e+1
 1.3598870220e+1
 1.6683480390e+1
 1.3303439770e+1
 1.3295133160e+1
 1.4141128720e+1
 1.5694985380e+1
 1.1642640000e+1
 1.4277734270e+1
 1.5898631330e+1
 1.5397736230e+1
 1.4881580140e+1
 1.3107422800e+1
 1.4125696640e+1
 1.3394951850e+1
 1.4025620830e+1
 1.4006611970e+1
 1.3815232640e+1
 1.5187079720e+1
 1.3727458000e+1
 1.4934086570e+1
 1.3483328470e+1
 1.3972551440e+1
 1.3214698680e+1
 1.4445553510e+1
 1.5053173730e+1
 1.3813054950e+1
 1.3367420550e+1
 1.3874350960e+1
 1.5681102720e+1
 1.5810817220e+1
 1.3939271090e+1
 1.3542639570e+1
 1.5026986330e+1
 1.3314742540e+1
 1.4045332770e+1
 1.3041221640e+1
 1.3346874810e+1
 1.3060122670e+1
 1.4885555380e+1
 1.3319908450e+1
 1.5995670190e+1
 1.4089398660e+1
 1.5530979480e+1
 1.3379896910e+1
 1.4287146520e+1
 1.2498845120e+1
 1.3106386910e+1
 1.3369073300e+1
 1.4093902180e+1
 1.4439544800e+1
 1.3734297610e+1
 1.2668043650e+1
 1.3241615170e+1
 1.5547596970e+1
 1.5648953970e+1
 1.4972714110e+1
 1.3096841930e+1
 1.4271086400e+1
 1.4892363950e+1
 1.4377876420e+1
 1.5292857170e+1
 1.3337125360e+1
 1.4815438250e+1
 1.3861154900e+1
 1.5440923950e+1
 1.3857081810e+1
 1.2709931480e+1
 1.3359823460e+1
 1.3475768350e+1
 1.1738376770e+1
 1.4202878040e+1
 1.3962888780e+1
 1.2945523470e+1
 1.4046128880e+1
 1.3799714060e+1
 1.5157714300e+1
 1.3670898260e+1
 1.1717181330e+1
 1.4547957020e+1
 1.2850883350e+1
 1.2531732400e+1
 1.3851425870e+1
 1.3372065190e+1
 1.3821625170e+1
 1.4015045450e+1
 1.5393679750e+1
 1.3421567190e+1
 1.3522063340e+1
 1.4187312040e+1
 1.4353606470e+1
 1.4711810310e+1
 1.5191229870e+1
 1.4450332650e+1
 1.5503327750e+1
 1.3298099730e+1
 1.5602752060e+1
 1.4523239920e+1
 1.4521665250e+1
 1.5791762340e+1
 1.2751681890e+1
 1.3048695150e+1
 1.3818580000e+1
 1.3637713750e+1
 1.4773065910e+1
 1.4128503110e+1
 1.2864584640e+1
 1.4937868980e+1
 1.3142679680e+1
 1.5210696030e+1
 1.3666727730e+1
 1.2650583590e+1
 1.3669813830e+1
 1.4368295240e+1
 1.4784844050e+1
 1.3044271360e+1
 1.5092177370e+1
 1.1683866790e+1
 1.4325677080e+1
 1.2840061220e+1
 1.4362065600e+1
 1.3389223390e+1
 1.3976660880e+1
 1.3003640850e+1
 1.4933672530e+1
 1.5843437740e+1
 1.3830542640e+1
 1.5000307170e+1
 1.3403741640e+1
 1.3388852850e+1
 1.3298481480e+1
 1.6094355220e+1
 1.4066143540e+1
 1.4238598070e+1
 1.4586748310e+1
 1.4206206300e+1
 1.5253080180e+1
 1.3681246600e+1
 1.2606678280e+1
 1.5165879130e+1
 1.1149240710e+1
 1.2219354340e+1
 1.4250840490e+1
 1.3665126500e+1
 1.4677482460e+1
 1.3240884000e+1
 1.4988697490e+1
 1.4888726500e+1
 1.3167447790e+1
 1.4865273710e+1
 1.6452342300e+1
 1.5347864820e+1
 1.4316437730e+1
 1.2848760240e+1
 1.3655257930e+1
 1.5474460960e+1
 1.3944255340e+1
 1.2977884730e+1
 1.3761572950e+1
 1.4195871430e+1
 1.5503321250e+1
 1.3024520740e+1
 1.3331904550e+1
 1.3981657780e+1
 1.4631553560e+1
 1.3498078870e+1
 1.3831920020e+1
 1.1569709340e+1
 1.4746422420e+1
 1.3133555920e+1
 1.4907101350e+1
 1.2509368740e+1
 1.4325108790e+1
 1.5033336040e+1
 1.4706440320e+1
 1.5040033020e+1
 1.2983450670e+1
 1.3365263240e+1
 1.4392413060e+1
 1.4026457900e+1
 1.4068483810e+1
 1.4211542910e+1
 1.4283950890e+1
 1.4525707910e+1
 1.5804801080e+1
 1.3300303480e+1
 1.4068628860e+1
 1.4415698990e+1
 1.5240036510e+1
 1.4599699080e+1
 1.4945748020e+1
 1.4021866540e+1
 1.3434427410e+1
 1.5758421870e+1
 1.3677484940e+1
 1.4641009490e+1
 1.2938017620e+1
 1.4405253010e+1
 1.2298615550e+1
 1.3914364890e+1
 1.3730883850e+1
 1.1950876380e+1
 1.1814897500e+1
 1.1952768710e+1
 1.5076125080e+1
 1.3597386300e+1
 1.4008411460e+1
 1.5670927110e+1
 1.2188168570e+1
 1.4223702360e+1
 1.4748923250e+1
 1.3262707930e+1
 1.5781345990e+1
 1.3726973640e+1
 1.3962710400e+1
 1.4257186130e+1
 1.4394258290e+1
 1.5696310200e+1
 1.4919883750e+1
 1.5451099970e+1
 1.4923938160e+1
 1.3637764720e+1
 1.4275883150e+1
 1.4632096690e+1
 1.2683051210e+1
 1.4740382030e+1
 1.3854283780e+1
 1.4425653360e+1
 1.5087394980e+1
 1.4791753040e+1
 1.3857126800e+1
 1.4533259370e+1
 1.3555727120e+1
 1.4336090150e+1
 1.3370492750e+1
 1.4322409820e+1
 1.4463437070e+1
 1.5739424620e+1
 1.3559895620e+1
 1.4755491580e+1
 1.3751800470e+1
 1.2499892460e+1
 1.3418479770e+1
 1.6850581250e+1
 1.4257277170e+1
 1.4036184900e+1
 1.4465751940e+1
 1.2366693940e+1
 1.4278234240e+1
 1.3433089690e+1
 1.4560684280e+1
 1.4023223260e+1
 1.5364668270e+1
 1.3350358680e+1
 1.3392664530e+1
 1.3275134440e+1
 1.3472352720e+1
 1.3595765590e+1
 1.4346751050e+1
 1.4744617830e+1
 1.1534356650e+1
 1.3202418740e+1
 1.3538551970e+1
 1.1650175040e+1
 1.3949662510e+1
 1.4983281360e+1
 1.4010678890e+1
 1.3327876100e+1
 1.4058738470e+1
 1.5614830970e+1
 1.3964892310e+1
 1.3803186940e+1
 1.4463477850e+1
 1.4437491420e+1
 1.3860271130e+1
 1.4929289420e+1
 1.2341028110e+1
 1.4617189600e+1
 1.7699172840e+1
 1.3816670800e+1
 1.5086336040e+1
 1.3807561650e+1
 1.4616009870e+1
 1.1789780140e+1
 1.2573331420e+1
 1.3922399260e+1
 1.3834199910e+1
 1.3512891160e+1
 1.5283403790e+1
 1.4605809410e+1
 1.3997446080e+1
 1.4343753610e+1
 1.5979007370e+1
 1.5735871480e+1
 1.2710852450e+1
 1.4070435530e+1
 1.1986733530e+1
 1.3411065980e+1
 1.3426195090e+1
 1.3795097300e+1
 1.4252904370e+1
 1.3891599710e+1
 1.4350695140e+1
 1.3123295450e+1
 1.3570974290e+1
 1.4898982950e+1
 1.3875276520e+1
 1.5712054620e+1
 1.3734463070e+1
 1.3723526570e+1
 1.5358785510e+1
 1.5864451680e+1
 1.3069742900e+1
 1.2654382530e+1
 1.4606045720e+1
 1.4672172960e+1
 1.3435756360e+1
 1.4208721560e+1
 1.4938294320e+1
 1.3354000240e+1
 1.4503920510e+1
 1.3143215780e+1
 1.2782397340e+1
 1.2640736180e+1
 1.4317762290e+1
 1.4122788130e+1
 1.3931203610e+1
 1.4045991690e+1
 1.4377524270e+1
 1.3799186780e+1
 1.3978244240e+1
 1.4385778740e+1
 1.4223055500e+1
 1.1458710330e+1
 1.5288856190e+1
 1.3358668560e+1
 1.4301015050e+1
 1.4435573590e+1
 1.5388872400e+1
 1.3903285500e+1
 1.5128652750e+1
 1.4258034600e+1
 1.4145036150e+1
 1.4701012240e+1
 1.4276965650e+1
 1.5166203870e+1
 1.4980646100e+1
 1.4024590930e+1
 1.2497154710e+1
 1.4347999890e+1
 1.5443491920e+1
 1.4135551140e+1
 1.3246081040e+1
 1.5960178240e+1
 1.4456887110e+1
 1.3236523820e+1
 1.4566258620e+1
 1.4542066370e+1
 1.2425089500e+1
 1.6041124500e+1
 1.3299313740e+1
 1.3317764350e+1
 1.4140719860e+1
 1.3534593190e+1
 1.5014142450e+1
 1.3910992860e+1
 1.4073325580e+1
 1.3601918560e+1
 1.3966090630e+1
 1.4802622560e+1
 1.3610214390e+1
 1.3836675750e+1
 1.3496188890e+1
 1.3528255990e+1
 1.4316129200e+1
 1.4947096780e+1
 1.3514734950e+1
 1.3608675870e+1
 1.3720437690e+1
 1.3095391810e+1
 1.2414404430e+1
 1.1488323650e+1
 1.3641312580e+1
 1.3629396500e+1
 1.4363389520e+1
 1.3247781570e+1
 1.2022628510e+1
 1.3910570310e+1
 1.4386888830e+1
 1.3519986790e+1
 1.5115004470e+1
 1.3059730470e+1
 1.4801491300e+1
 1.4031700690e+1
 1.3878178210e+1
 1.3228201530e+1
 1.2874346950e+1
 1.4326464350e+1
 1.3120602890e+1
 1.4049845530e+1
 1.3930617060e+1
 1.4011225160e+1
 1.4380083380e+1
 1.4766955910e+1
 1.4232722450e+1
 1.2334542260e+1
 1.2527758630e+1
 1.3123680110e+1
 1.3776073690e+1
 1.4113934510e+1
 1.4685485280e+1
 1.2729444110e+1
 1.5084508130e+1
 1.3379555660e+1
 1.1772308780e+1
 1.3883782740e+1
 1.2663022870e+1
 1.3189712660e+1
 1.4447777280e+1
 1.5367354690e+1
 1.3724330260e+1
 1.2783904520e+1
 1.4597493360e+1
 1.2527297630e+1
 1.4654418150e+1
 1.2859642760e+1
 1.4632558210e+1
 1.5084491580e+1
 1.5345209500e+1
 1.4033555300e+1
 1.5295033600e+1
 1.3918097930e+1
 1.4758674250e+1
 1.2042698960e+1
 1.4748823080e+1
 1.4054398480e+1
 1.3508693920e+1
 1.4200640590e+1
 1.2860575030e+1
 1.4139097690e+1
 1.3543651230e+1
 1.4303022720e+1
 1.4029595010e+1
 1.4984004700e+1
 1.3131319610e+1
 1.3984682320e+1
 1.2949677670e+1
 1.3645719330e+1
 1.1279085660e+1
 1.4303500820e+1
 1.5210822470e+1
 1.5428294120e+1
 1.6815495770e+1
 1.4266667190e+1
 1.4033432550e+1
 1.2772911370e+1
 1.2972084920e+1
 1.4362129400e+1
 1.2395181630e+1
 1.3738603990e+1
 1.3113305110e+1
 1.4075125830e+1
 1.3977163680e+1
 1.3832440350e+1
 1.4335895100e+1
 1.3217622910e+1
 1.3308983530e+1
 1.3184688920e+1
 1.4957075070e+1
 1.4215947180e+1
 1.3468299170e+1
 1.4045817040e+1
 1.3090645720e+1
 1.4059508820e+1
 1.1761693740e+1
 1.5440443140e+1
 1.2850057670e+1
 1.2425250660e+1
 1.4415473710e+1
 1.5546944100e+1
 1.2198278080e+1
 1.5568060650e+1
 1.3607399100e+1
 1.3001675710e+1
 1.3411964370e+1
 1.4162466600e+1
 1.6473409690e+1
 1.3186842760e+1
 1.4422794870e+1
 1.4945616660e+1
 1.3985443550e+1
 1.4254211460e+1
 1.4119397390e+1
 1.3750222940e+1
 1.1367637550e+1
 1.2449444760e+1
 1.4184578600e+1
 1.5190436840e+1
 1.2623540120e+1
 1.5126498360e+1
 1.4093652220e+1
 1.3917184260e+1
 1.4767624840e+1
 1.3838701600e+1
 1.4226027940e+1
 1.4858771080e+1
 1.3706536510e+1
 1.4174499740e+1
 1.6026443270e+1
 1.4446520510e+1
 1.4171008330e+1
 1.2899845250e+1
 1.4009012870e+1
 1.2752221870e+1
 1.4383511410e+1
 1.4106420250e+1
 1.4482336110e+1