6.2989222720e+0
 6.4966520810e+0
 7.3094780870e+0
 6.5164482530e+0
 4.8356192090e+0
 8.2361319970e+0
 5.1882392660e+0
 7.3344497010e+0
 6.5370707130e+0
 3.4293879300e+0
 7.8189176880e+0
 6.2391434860e+0
 6.0735165350e+0
 5.6136178510e+0
 6.0496763700e+0
 5.6790525340e+0
 5.7477234000e+0
 6.6093189190e+0
 5.3465207660e+0
 6.2248863740e+0
 6.0618867820e+0
 8.0384087400e+0
 6.1216514830e+0
 8.0822271200e+0
 5.4938533710e+0
 5.6698491630e+0
 6.5793724560e+0
 7.0712763880e+0
 4.3338261620e+0
 4.9617091530e+0
 5.6059139810e+0
 5.0797075930e+0
 6.2284413250e+0
 5.2194652860e+0
 6.4682184490e+0
 5.1291805260e+0
 6.3162716730e+0
 4.9257812900e+0
 7.3713642420e+0
 6.2511649760e+0
 6.0740617110e+0
 4.5171788400e+0
 6.7304026520e+0
 4.6034023590e+0
 4.9482942570e+0
 6.2936143560e+0
 5.5102179410e+0
 5.9017515760e+0
 6.7848798990e+0
 7.1524310100e+0
 5.6591450500e+0
 5.8022904730e+0
 5.3562288150e+0
 5.1985663530e+0
 5.9598941040e+0
 6.4731855330e+0
 3.4337199780e+0
 5.4348357530e+0
 8.0166156190e+0
 5.4932876640e+0
 5.1790184230e+0
 5.0445151330e+0
 6.6993170650e+0
 6.0192174750e+0
 6.0298335760e+0
 4.5191705200e+0
 6.7472731030e+0
 6.6620739310e+0
 4.2045275130e+0
 5.7295148820e+0
 6.9578624450e+0
 6.9276978450e+0
 6.5741485330e+0
 6.0363716250e+0
 6.0037728000e+0
 6.6484442130e+0
 4.7230932260e+0
 7.7375974480e+0
 6.0824601940e+0
 5.1968351150e+0
 5.4334624770e+0
 6.2549129720e+0
 7.8075404850e+0
 4.5975116890e+0
 6.7216842700e+0
 6.3461761550e+0
 3.0344591950e+0
 7.8820734590e+0
 6.9323209080e+0
 7.1067280400e+0
 5.7152689070e+0
 6.4271254180e+0
 5.2549712900e+0
 6.1156413750e+0
 5.6176783090e+0
 5.2801754510e+0
 5.8326555570e+0
 5.8872653800e+0
 3.1863133360e+0
 6.1065036880e+0
 4.1189719830e+0
 5.0430027350e+0
 6.0029196240e+0
 6.3259873530e+0
 4.8898704660e+0
 5.6189026160e+0
 5.6600569760e+0
 6.5992543410e+0
 3.1681725740e+0
 4.0509009980e+0
 4.9057945650e+0
 5.7531654360e+0
 7.0622101830e+0
 5.3597345120e+0
 6.5489130010e+0
 5.4437298400e+0
 6.4966413020e+0
 6.0484776190e+0
 4.8015220310e+0
 5.9354210090e+0
 8.2571953600e+0
 5.9678438510e+0
 7.1365859540e+0
 7.0378380570e+0
 4.7567598590e+0
 6.5736707300e+0
 7.3341226580e+0
 6.9292737930e+0
 7.4420387300e+0
 7.0420960750e+0
 5.3557334840e+0
 6.7427331310e+0
 4.2277963560e+0
 5.2714224910e+0
 7.3501719810e+0
 5.7070440220e+0
 4.5044261210e+0
 6.0968324530e+0
 5.2744533690e+0
 6.8874327870e+0
 8.3151501950e+0
 4.7128002770e+0
 6.2803212150e+0
 5.0391084390e+0
 3.8226864830e+0
 6.3286404690e+0
 6.1972941760e+0
 6.2239041740e+0
 4.6284782660e+0
 5.5185267730e+0
 5.4843379800e+0
 5.9660526900e+0
 5.6352210090e+0
 6.0746088980e+0
 5.3847767210e+0
 4.6714966560e+0
 4.0664074610e+0
 6.3868738390e+0
 6.8987335680e+0
 5.6416593740e+0
 6.8637182750e+0
 8.3292108260e+0
 6.0368981150e+0
 4.2870844380e+0
 5.1077373770e+0
 5.5833791540e+0
 5.6762221170e+0
 5.5614261640e+0
 7.0221529440e+0
 5.4350229230e+0
 5.4166788910e+0
 5.9909741380e+0
 6.9335281500e+0
 5.4715384970e+0
 3.4149354570e+0
 5.7005581230e+0
 5.5243659890e+0
 7.4974747570e+0
 5.4912627330e+0
 3.1589195680e+0
 8.1553407130e+0
 5.3820679960e+0
 6.2122909330e+0
 6.3791747780e+0
 6.4869826690e+0
 6.8010214490e+0
 4.2312968680e+0
 6.8326938280e+0
 6.4597932350e+0
 5.9717062460e+0
 5.5913203690e+0
 6.2093293410e+0
 5.9579071010e+0
 5.6682031350e+0
 7.8213766070e+0
 6.4851805350e+0
 5.7330198340e+0
 4.3399692040e+0
 5.1574125320e+0
 5.7280142720e+0
 6.8600257390e+0
 6.5771719420e+0
 4.3782319900e+0
 6.1452897010e+0
 5.0853084560e+0
 6.7762415640e+0
 5.4847732280e+0
 6.0248670840e+0
 6.0229761730e+0
 6.5379914240e+0
 5.6887759830e+0
 3.7731440650e+0
 4.6859753580e+0
 7.3260569930e+0
 5.5231034830e+0
 8.0077001970e+0
 6.4171234530e+0
 5.8105190560e+0
 5.9950541210e+0
 4.9694946410e+0
 5.1305986690e+0
 6.0317805410e+0
 4.1139677690e+0
 6.6772874700e+0
 6.9944546370e+0
 6.1864405530e+0
 6.8248610980e+0
 6.8847225350e+0
 6.3567332580e+0
 6.3560526030e+0
 6.8976589700e+0
 6.3917671310e+0
 5.3328033240e+0
 4.9632349800e+0
 6.9294630360e+0
 7.6640247300e+0
 7.0314537630e+0
 7.9820357530e+0
 5.3226645900e+0
 6.0097989710e+0
 5.8006576650e+0
 5.2609703520e+0
 6.0041852410e+0
 6.5580125800e+0
 4.2916461210e+0
 5.7688483680e+0
 6.4695309230e+0
 5.9742937760e+0
 4.9015895310e+0
 5.0550489970e+0
 6.3020937140e+0
 7.1057730110e+0
 6.0169946390e+0
 5.8428401180e+0
 6.8133855930e+0
 5.6688610380e+0
 7.4439068610e+0
 5.5172239880e+0
 5.2177405300e+0
 6.8444223700e+0
 5.3640094800e+0
 6.5493499500e+0
 5.6278763160e+0
 4.2614543640e+0
 6.4924524950e+0
 5.1118080520e+0
 5.6000228600e+0
 5.6034720050e+0
 5.3699713780e+0
 5.5085140080e+0
 6.8730569760e+0
 6.3836570800e+0
 6.6026994770e+0
 4.1121386590e+0
 4.6501838590e+0
 4.8392545640e+0
 6.1174081300e+0
 5.5081955990e+0
 6.5732496220e+0
 6.3073332930e+0
 5.7536178080e+0
 7.0323656560e+0
 5.6916144560e+0
 6.5766207930e+0
 7.3760828370e+0
 7.0524761020e+0
 6.8774552260e+0
 5.8024658160e+0
 7.7727402690e+0
 6.1094101860e+0
 5.8019709060e+0
 7.0884229930e+0
 5.8325370270e+0
 4.1500876360e+0
 6.7926688540e+0
 6.4260989380e+0
 6.5682678430e+0
 5.4219991110e+0
 4.9091687540e+0
 5.9389786860e+0
 6.2639701100e+0
 5.8131973550e+0
 4.7879615720e+0
 6.5244643750e+0
 5.1848299060e+0
 5.2197821870e+0
 5.9358219720e+0
 6.3511769380e+0
 5.3691511540e+0
 6.3142880430e+0
 4.5461175080e+0
 6.4447756810e+0
 6.4439362270e+0
 3.5830845020e+0
 6.6274379740e+0
 6.9158086210e+0
 6.1377826020e+0
 5.7222575260e+0
 5.9508735820e+0
 6.5561890740e+0
 7.3158253710e+0
 4.6168885230e+0
 6.3803603500e+0
 6.9542478120e+0
 4.8674814360e+0
 6.7542379710e+0
 6.0103979330e+0
 4.6631068880e+0
 5.1001186230e+0
 6.6666363800e+0
 6.3300641610e+0
 7.3333932170e+0
 6.6216015760e+0
 5.7389307010e+0
 4.1535037770e+0
 6.2826004660e+0
 6.4806975610e+0
 6.1921317560e+0
 7.3321839330e+0
 5.8179736500e+0
 6.4396080500e+0
 6.4376123910e+0
 6.4205246310e+0
 7.2577620840e+0
 6.7226877830e+0
 6.6000894940e+0
 7.0872678380e+0
 6.3699493740e+0
 5.7497199240e+0
 4.8656898640e+0
 7.5460318270e+0
 6.2999051550e+0
 5.1440202830e+0
 7.5242785370e+0
 7.2973286950e+0
 5.8749667420e+0
 4.9876351310e+0
 6.4956726030e+0
 7.0024804870e+0
 6.7015988500e+0
 5.6342628590e+0
 6.0979545920e+0
 6.3289720330e+0
 5.5483797870e+0
 7.0943040460e+0
 7.1552563270e+0
 4.7508357640e+0
 6.0356918800e+0
 5.2870436830e+0
 5.3199583110e+0
 5.6361509230e+0
 6.8766013090e+0
 6.6681448970e+0
 4.3049111290e+0
 7.2119856370e+0
 5.7401112980e+0
 6.1483620310e+0
 7.7247783800e+0
 4.6146547940e+0
 5.3151041940e+0
 6.5880759140e+0
 6.0765362760e+0
 6.2501803500e+0
 7.1620946800e+0
 6.1385824190e+0
 6.9758916270e+0
 7.5391103480e+0
 6.3191053220e+0
 6.1033104680e+0
 4.6869772650e+0
 4.8231168600e+0
 6.4385590920e+0
 7.6994656840e+0
 4.6215661570e+0
 6.9569559380e+0
 5.8373020580e+0
 6.2911141290e+0
 5.8660711960e+0
 4.8746023030e+0
 7.6953060320e+0
 6.5184854510e+0
 6.9005122450e+0
 4.7935773670e+0
 5.3386826560e+0
 4.9279507170e+0
 8.0851291400e+0
 5.9771409430e+0
 5.5496712420e+0
 4.2238803680e+0
 7.1220667590e+0
 3.7095487040e+0
 4.7464718040e+0
 6.1949471340e+0
 6.7141156350e+0
 6.7261262360e+0
 6.2472228310e+0
 5.5715506860e+0
 6.4022940330e+0
 4.8533921200e+0
 6.2044051530e+0
 3.7685217730e+0
 9.0372589320e+0
 6.1971954800e+0
 5.7895203280e+0
 4.5857246640e+0
 4.6121627450e+0
 6.0569268870e+0
 5.0681689660e+0
 5.6485418290e+0
 4.1532250190e+0
 5.1256393630e+0
 6.3762286820e+0
 5.0896197030e+0
 6.5207202550e+0
 5.3134133740e+0
 6.4892812370e+0
 6.5698324160e+0
 5.0270066520e+0
 5.7999513760e+0
 6.6301027220e+0
 7.4217893870e+0
 6.2351085620e+0
 7.0672750490e+0
 7.0116476740e+0
 7.1538558570e+0
 6.4573439180e+0
 7.1204810230e+0
 5.8477032490e+0
 5.8468974510e+0
 7.6327393790e+0
 6.2436072910e+0
 5.7496460250e+0
 6.5026870650e+0
 7.1123939380e+0
 7.7359386930e+0
 5.1421793410e+0
 4.7082956300e+0
 3.3870329490e+0
 5.5914323930e+0
 2.9222519960e+0
 5.6848823110e+0
 5.8351994190e+0
 5.9180840370e+0
 6.2404211340e+0
 6.1776687070e+0
 6.1947008440e+0
 4.2220131790e+0
 5.9814925910e+0
 5.8298772280e+0
 7.2764536990e+0
 7.7166689040e+0
 6.8451664260e+0
 6.8397672110e+0
 5.3231181260e+0
 6.3283710550e+0
 6.6032375150e+0
 7.4273133260e+0
 5.6189504440e+0
 3.2977051120e+0
 8.1001705050e+0
 2.3269321570e+0
 5.9772618790e+0
 6.5109554180e+0
 6.2097110460e+0
 6.3858355430e+0
 6.1937606210e+0
 6.2434407410e+0
 4.2913755390e+0
 5.0122852050e+0
 8.0280610270e+0
 5.5905399380e+0
 6.4895881900e+0
 7.1049222520e+0
 6.6758551230e+0
 6.5654622250e+0
 7.1095788710e+0
 6.6073082670e+0
 6.4514323810e+0
 6.5065567840e+0
 6.1739777990e+0
 4.5452694350e+0
 5.6931362850e+0
 5.7973582510e+0
 7.3727320580e+0
 6.0277450480e+0
 7.0165636000e+0
 4.9042059750e+0
 6.0333801240e+0
 6.4780555480e+0
 4.5101142910e+0
 3.3470663190e+0
 6.0165668230e+0
 6.3027548170e+0
 5.2756259780e+0
 6.5562299780e+0
 8.0397675140e+0
 5.8370216190e+0
 4.6025765250e+0
 6.7216392750e+0
 5.1557159030e+0
 5.4780154460e+0
 6.2226553130e+0
 6.0653681010e+0
 6.7484581660e+0
 6.9071334240e+0
 5.9101204840e+0
 4.3816800680e+0
 6.0204890420e+0
 5.3520142890e+0
 6.4841536590e+0
 4.2489630880e+0
 6.0116268260e+0
 5.2498455510e+0
 4.2386045270e+0
 5.3436004170e+0
 5.9287803430e+0
 5.3719361210e+0
 4.1643088880e+0
 5.0201838460e+0
 5.8139773940e+0
 5.4679516700e+0
 5.2700827490e+0
 6.4505212830e+0
 6.0412736660e+0
 6.8203024510e+0
 7.3917959800e+0
 5.6392729280e+0
 5.1806804130e+0
 4.4687099970e+0
 6.3209132960e+0
 5.8129223990e+0
 6.7644193390e+0
 5.0447303830e+0
 5.9887907390e+0
 3.7337239800e+0
 7.3909042170e+0
 6.2227288750e+0
 6.6770323400e+0
 5.7565846410e+0
 5.4150173690e+0
 5.2201892810e+0
 5.2032497770e+0
 5.9720259340e+0
 6.5747842770e+0
 6.8848141140e+0
 8.3901309040e+0
 5.8968336070e+0
 7.7449949810e+0
 5.3840000580e+0
 6.9230680110e+0
 4.7807358970e+0
 6.4165462970e+0
 5.7526598460e+0
 3.4132415990e+0
 6.0592248980e+0
 5.7421224050e+0
 6.2662551550e+0
 5.3817177870e+0
 5.4716424410e+0
 5.8385891300e+0
 6.8308577990e+0
 4.9516075930e+0
 5.6406000300e+0
 7.0485137950e+0
 6.5199873310e+0
 7.0949005830e+0
 5.9279778800e+0
 3.8189352250e+0
 5.0231460800e+0
 4.7209302400e+0
 5.1362571640e+0
 4.4550521100e+0
 6.2100617330e+0
 6.2765973480e+0
 5.5603684280e+0
 6.7695343700e+0
 6.1728252360e+0
 4.6766605950e+0
 6.9924414670e+0
 6.1795554740e+0
 4.9026187140e+0
 6.1430817610e+0
 6.0183813560e+0
 5.7648938050e+0
 5.6417558420e+0
 6.5191483490e+0
 7.5345478040e+0
 5.4376362040e+0
 5.1299451740e+0
 3.9005707440e+0
 5.0092425210e+0
 4.7370665430e+0
 4.4434014620e+0
 5.4980304410e+0
 5.9982417620e+0
 6.3265108290e+0
 6.1810399640e+0
 6.0122260660e+0
 3.6997987780e+0
 4.5321692260e+0
 7.2101428420e+0
 5.5398797950e+0
 4.0915000740e+0
 6.3097165540e+0
 5.5270281620e+0
 4.9778501400e+0
 6.3213726680e+0
 5.6418260690e+0
 5.0146083150e+0
 6.9751876140e+0
 5.8138541740e+0
 6.4708299070e+0
 7.1956364690e+0
 5.3235867360e+0
 4.7721600460e+0
 4.6272673220e+0
 6.9739425900e+0
 6.4644332650e+0
 5.8254928170e+0
 5.9173628350e+0
 6.4923426590e+0
 5.1746928230e+0
 5.8557596680e+0
 6.2437604590e+0
 6.0644061290e+0
 4.8062042120e+0
 6.5726515080e+0
 6.1957586480e+0
 5.1287778260e+0
 5.4267300050e+0
 4.7110167980e+0
 6.9710101610e+0
 5.5147567760e+0
 6.5520164180e+0
 6.0241342860e+0
 4.8822304670e+0
 5.5077786840e+0
 5.0506922540e+0
 6.2703487800e+0
 6.3832201560e+0
 4.8104714940e+0
 6.5033365070e+0
 7.7465273180e+0
 5.3311182030e+0
 5.3723903090e+0
 4.9812241020e+0
 5.2321169790e+0
 5.2589165940e+0
 4.8751212180e+0
 7.1771009050e+0
 3.6027094940e+0
 5.7477899260e+0
 5.8175992950e+0
 5.9114155010e+0
 7.6233753790e+0
 5.1044731270e+0
 3.6214631310e+0
 6.4493081710e+0
 5.1717919720e+0
 4.5508676300e+0
 5.8353116470e+0
 7.2744602440e+0
 4.9547811220e+0
 6.4751420220e+0
 4.4083297290e+0
 7.2647809350e+0
 6.9798741270e+0
 4.4297925820e+0
 6.9662152980e+0
 7.1213851860e+0
 6.6300838640e+0
 5.5901239580e+0
 7.6787988460e+0
 6.0970718970e+0
 6.2225839530e+0
 6.1469116820e+0
 5.0054791360e+0
 3.8018691030e+0
 7.2235716520e+0
 7.0055524520e+0
 6.9330947960e+0
 7.0461883830e+0
 6.8826122050e+0
 6.2621235770e+0
 6.4020629920e+0
 7.0166935840e+0
 6.9880313350e+0
 5.0178385370e+0
 4.9849335300e+0
 4.9419839580e+0
 4.6452907810e+0
 6.9912789330e+0
 5.2159052470e+0
 6.3698293750e+0
 6.8155339980e+0
 6.9228727160e+0
 6.1692055770e+0
 6.1825562030e+0
 6.8432693820e+0
 7.3842207720e+0
 7.0241470170e+0
 7.1471746840e+0
 6.7607449310e+0
 7.4361876710e+0
 5.6472888800e+0
 6.6512127960e+0
 7.2057549920e+0
 6.4277307350e+0
 6.2233183040e+0
 4.9984082930e+0
 4.5581311520e+0
 5.7643108280e+0
 4.4266566790e+0
 3.7990716920e+0
 5.7451449600e+0
 7.1484342780e+0
 5.4829043720e+0
 5.0376955100e+0
 6.4568347050e+0
 7.7117296160e+0
 6.1445086580e+0
 6.0628887610e+0
 6.1709630100e+0
 5.3842693790e+0
 7.3051887480e+0
 6.0283094580e+0
 5.7872096580e+0
 6.7298850760e+0
 6.3130448790e+0
 5.6902921100e+0
 5.9199253360e+0
 4.3812792620e+0
 5.8469384490e+0
 5.8297496710e+0
 4.6833357680e+0
 6.3193529960e+0
 6.4120146990e+0
 8.2950930300e+0
 6.9025110840e+0
 7.2373346060e+0
 5.3829234120e+0
 7.3913638150e+0
 6.2264665690e+0
 6.5156962750e+0
 7.4934362070e+0
 5.1031559450e+0
 6.9098008810e+0
 4.1655563570e+0
 4.7717044110e+0
 5.9229810230e+0
 6.7304975340e+0
 6.1766398240e+0
 7.2761113400e+0
 7.1137251220e+0
 6.7575436250e+0
 7.5395231630e+0
 6.9450931040e+0
 8.8806749860e+0
 7.6316718740e+0
 5.7160525510e+0
 7.7339413670e+0
 6.3771963900e+0
 7.4448144360e+0
 7.4456160530e+0
 5.5391036630e+0
 5.0223768650e+0
 5.5567910160e+0
 5.8704624480e+0
 8.0658889280e+0
 8.1695175650e+0
 6.5426255110e+0
 5.0687820370e+0
 6.8174428420e+0
 6.5883532560e+0
 6.5545180420e+0
 6.3047444400e+0
 5.2758233470e+0
 7.8328912400e+0
 6.6974905060e+0
 5.4441813480e+0
 6.0674900350e+0
 6.2765890090e+0
 5.9947054580e+0
 5.0492147060e+0
 5.4267053840e+0
 6.6875347230e+0
 5.0263494940e+0
 5.3038112300e+0
 5.1166585060e+0
 5.8998311830e+0
 6.4872711570e+0
 5.2087167590e+0
 4.6546546160e+0
 7.8016602440e+0
 8.5670063280e+0
 5.4213809570e+0
 7.2523976300e+0
 4.2261478720e+0
 6.4628465420e+0
 8.0722185630e+0
 5.8494131420e+0
 6.2731861770e+0
 5.3186618380e+0
 4.9538900140e+0
 5.9926923720e+0
 5.2999637790e+0
 6.4858563600e+0
 5.9133240540e+0
 5.3847120120e+0
 6.0651386950e+0
 5.7553705270e+0
 6.4383080940e+0
 6.2826803690e+0
 6.4861619920e+0
 3.1935588170e+0
 6.0639033050e+0
 5.5921274330e+0
 6.6770938800e+0
 7.4418318470e+0
 6.9653452130e+0
 6.0478144180e+0
 5.4668042960e+0
 8.2166763140e+0
 6.4454211110e+0
 6.4018378860e+0
 6.5264578910e+0
 5.7793984660e+0
 6.0172788470e+0
 5.6048553780e+0
 5.2402622910e+0
 6.0507501950e+0
 5.9309000980e+0
 5.6048904790e+0
 5.8147483240e+0
 6.0369702430e+0
 6.7282042270e+0
 6.0854050670e+0
 5.9023811720e+0
 5.8092884010e+0
 5.4422980030e+0
 5.3420590350e+0
 5.6643189950e+0
 7.0952968130e+0
 5.8637202260e+0
 6.5478512980e+0
 5.0213575270e+0
 5.0853865110e+0
 5.6635764750e+0
 4.4099606330e+0
 7.6149985530e+0
 5.9526291710e+0
 8.0379345920e+0
 5.5710529750e+0
 6.0631205010e+0
 7.2555936730e+0
 5.4259254610e+0
 7.4052273990e+0
 5.8659947540e+0
 4.7835510210e+0
 4.9862562050e+0
 7.7635049410e+0
 8.1705828320e+0
 7.7151908930e+0
 6.6097879150e+0
 7.8908055240e+0
 5.4890155550e+0
 7.4791533440e+0
 5.9929752570e+0
 7.6220305000e+0
 6.7950195680e+0
 6.2371816530e+0
 4.4614708860e+0
 3.8802585060e+0
 5.6012896790e+0
 7.2627439790e+0
 6.0716171650e+0
 5.5188577190e+0
 5.1790278270e+0
 5.7329909160e+0
 6.1418740170e+0
 7.3744620740e+0
 5.8806525280e+0
 4.3147444720e+0
 5.8210783220e+0
 5.1616838370e+0
 5.0523415020e+0
 7.2858287570e+0
 4.5401114570e+0
 7.2303808660e+0
 3.7134514530e+0
 5.8675467640e+0
 5.9942458280e+0
 6.4913080270e+0
 7.9921204020e+0
 5.5965669500e+0
 6.6233934270e+0
 5.5424192710e+0
 6.7105170620e+0
 5.2252863470e+0
 6.1805255240e+0
 3.4354412400e+0
 6.7112427840e+0
 5.4585326760e+0
 6.2244561480e+0
 7.5353309500e+0
 7.4357624760e+0
 5.5384835760e+0
 6.6885347580e+0
 5.7204742490e+0
 7.2182567790e+0
 6.3860715300e+0
 6.9061285680e+0
 4.7701415570e+0
 5.9710306980e+0
 8.3048668200e+0
 5.7965842860e+0
 4.8926514050e+0
 5.4207739460e+0
 4.4774519860e+0
 5.5641475780e+0
 4.5929792930e+0
 7.0175077040e+0
 7.0274094490e+0
 4.0700946340e+0
 6.8873150510e+0
 6.3143365470e+0
 6.9585136960e+0
 6.5574398400e+0
 5.0284472800e+0
 4.6875927900e+0
 7.0371485180e+0
 7.0408166290e+0
 6.4993366710e+0
 5.9285349510e+0
 4.2228755870e+0
 7.5068835290e+0
 6.5856613440e+0
 5.2384511760e+0
 6.2044752170e+0
 4.7870756940e+0
 6.5436473300e+0
 3.7458748830e+0
 6.3951523540e+0
 4.6000827370e+0
 5.1916645090e+0
 5.5950356660e+0
 5.4265882400e+0
 5.8455500960e+0
 5.8832583010e+0
 4.8339152860e+0
 6.5303454240e+0
 4.8657938030e+0
 5.9985075620e+0
 6.1928831320e+0
 6.6657726450e+0
 7.1125780610e+0
 5.5708866530e+0
 6.8607533910e+0
 5.8225606160e+0
 5.1498548770e+0
 7.6129250120e+0
 5.3775561620e+0
 5.2131691440e+0
 5.8766018570e+0
 5.7531594790e+0
 6.7095000620e+0
 5.9861899190e+0
 5.8277650510e+0
 6.2200645060e+0
 6.4608383060e+0
 5.4587904900e+0
 6.9899347200e+0
 4.8698523620e+0
 6.0753174810e+0
 4.7587711490e+0
 5.6626285150e+0
 6.6379194350e+0
 7.3030157420e+0
 4.8085200440e+0
 5.7764317860e+0
 5.2623639540e+0
 7.0971241800e+0
 5.8248935280e+0
 4.3614479370e+0
 7.3083574390e+0
 6.0040983690e+0
 6.2888687060e+0
 4.0121808980e+0
 7.5295462700e+0
 8.6235409320e+0
 5.3298916340e+0
 4.4697060650e+0
 5.8559955740e+0
 5.4594088030e+0
 6.9189808090e+0
 3.9377926320e+0
 6.5413170120e+0
 5.9407179350e+0
 6.9500954470e+0
 4.9864256240e+0
 4.5005505860e+0
 6.4129190860e+0
 2.6881419890e+0
 5.3097503930e+0
 5.7315025590e+0
 6.8788797040e+0
 6.5703680160e+0
 6.9168578910e+0
 5.7087145580e+0
 5.4207583430e+0
 5.9569616870e+0
 5.7609632970e+0
 6.3218121200e+0
 5.1005994220e+0
 5.9931315410e+0
 4.8462214460e+0
 5.4087166150e+0
 7.2856941920e+0
 4.6346640830e+0
 5.2337291180e+0
 5.3640557540e+0
 7.0400825670e+0
 5.4493261750e+0
 3.4987783700e+0
 6.1725295500e+0
 5.2338568420e+0
 3.4951293290e+0
 5.8495953680e+0
 7.4188231700e+0
 6.6005263510e+0
 4.8102726590e+0
 6.4330954720e+0
 7.4814364790e+0
 5.5289900490e+0
 6.0047375920e+0
 4.9029037530e+0
 4.1637503190e+0
 5.0906389980e+0
 5.9021493530e+0
 7.3201702130e+0
 6.1649871570e+0
 4.0935689000e+0
 4.9042463950e+0
 5.6216412610e+0
 7.9132668540e+0
 5.5197814690e+0
 5.3038108100e+0
 5.7330099600e+0
 5.4397969320e+0
 6.3135029260e+0
 5.9005528690e+0
 6.6600270730e+0
 5.4550290800e+0
 6.6002350650e+0
 4.8421288560e+0
 6.1192341270e+0
 5.2089972560e+0
 7.0843655720e+0
 7.0399034940e+0
 6.3798810500e+0
 5.5993616190e+0
 6.7245730850e+0
 5.0476417160e+0
 5.6110522960e+0
 5.9067174840e+0
 5.5814726890e+0
 7.3663698550e+0
 6.6671834110e+0
 5.1217386100e+0
 6.2277993290e+0
 6.6329877610e+0
 7.5414200670e+0
 6.3746148400e+0
 5.8188524890e+0
 5.2677398550e+0
 5.1667706100e+0
 6.0853087240e+0
 6.7044132330e+0
 4.6013552180e+0
 4.8154538900e+0
 5.7823725370e+0
 7.3832202770e+0
 5.8465510570e+0
 5.7670130820e+0
 7.0511291620e+0
 5.9192049730e+0
 7.3908153880e+0
 4.3137261200e+0
 6.5945989340e+0
 7.8003367140e+0
 5.9949674200e+0
 6.2524051790e+0
 5.4474271310e+0
 5.2612299780e+0
 6.1210216900e+0
 5.3602202750e+0
 4.6720608840e+0
 5.7031887940e+0
 6.3380984830e+0
 6.3974797860e+0
 6.3762784810e+0
 5.4150341870e+0
 5.5120788620e+0
 5.2098040640e+0
 4.8165447800e+0
 5.6001135150e+0
 6.1511094550e+0
 4.7384770010e+0
 6.5620160870e+0
 5.8193270400e+0
 6.2172762690e+0
 6.9917049560e+0
 7.4465797240e+0
 6.6743210350e+0
 5.0794456440e+0
 6.1152690320e+0
 5.7740437650e+0
 5.2307177680e+0
 6.0148167830e+0
 5.9840890540e+0
 4.9571937120e+0
 5.7176423740e+0
 5.3940732330e+0
 5.5891833500e+0
 5.2790576940e+0
 5.0557926100e+0
 8.9194230580e+0
 4.4891579940e+0
 7.2160656270e+0
 5.5857616840e+0
 6.6565614870e+0
 5.2276594930e+0
 5.4308915150e+0
 4.9171756570e+0
 3.7422900560e+0
 6.8431902610e+0
 6.6535603570e+0
 5.5768786450e+0
 6.5249091330e+0
 5.4319597650e+0
 3.9454508120e+0
 8.8609986870e+0
 5.7394055380e+0
 5.9455069540e+0
 4.8299596660e+0
 6.1126451880e+0
 7.0431543600e+0
 5.2194367200e+0
 5.9094375080e+0
 6.9620046740e+0
 5.8817473850e+0
 4.8002689020e+0
 5.1031861700e+0
 6.1298589120e+0
 5.5321662340e+0
 6.7448398670e+0
 5.5084631670e+0
 6.1185622770e+0
 5.2550440230e+0
 6.5389772430e+0
 4.8793681500e+0
 6.1136837140e+0
 5.4876490710e+0
 6.8635378810e+0
 6.5300715480e+0
 4.8558445260e+0
 5.5740922320e+0
 5.7846439630e+0
 5.7609312860e+0
 4.6871990180e+0
 4.4861893460e+0
 5.4200132240e+0
 5.9110559640e+0
 6.6421612750e+0
 6.3190601440e+0
 6.0690510920e+0
 6.0073841970e+0
 6.5249235320e+0
 6.2423619140e+0
 5.5821114620e+0
 5.7899268000e+0
 6.0320153570e+0
 6.4692598990e+0
 5.7549253200e+0
 7.6147615370e+0
 4.5651657590e+0
 6.3462778700e+0
 6.0765586390e+0
 6.5123726280e+0
 5.4111020990e+0
 6.8720021540e+0
 3.8436966630e+0
 6.2150046670e+0
 6.8331002810e+0
 6.0264594880e+0
 6.8690188910e+0
 5.7808055430e+0
 7.8962148890e+0
 4.9637053190e+0
 5.8584217400e+0
 6.7217480110e+0
 5.3757527400e+0
 5.9564278730e+0
 4.1434540050e+0
 6.6517105330e+0
 5.0135093470e+0
 6.9075339490e+0
 5.2827303940e+0
 7.5424493030e+0
 6.2699810680e+0
 6.7523695740e+0
 5.9608224590e+0
 6.3907191030e+0
 6.6389120750e+0
 7.0835683730e+0
 6.3623201070e+0
 4.7818771470e+0
 4.9869684830e+0
 6.5704346670e+0
 4.5369745390e+0
 6.3502776290e+0
 6.6994189600e+0
 5.5748068220e+0
 6.8212407160e+0
 8.0171590110e+0
 6.5537969760e+0
 7.8622814550e+0
 5.9095221200e+0
 6.1456959760e+0
 6.7760923020e+0
 5.0428817240e+0
 5.6523381770e+0
 5.6214426440e+0
 6.4713095530e+0
 6.8864605870e+0
 7.0315955130e+0
 5.0741629860e+0
 5.0316585510e+0
 6.5932054160e+0
 5.6320933670e+0
 5.7950064870e+0
 6.8882330610e+0
 6.8057920710e+0
 5.9903594460e+0
 6.0177169940e+0
 6.0938567370e+0
 6.0934112960e+0
 4.7780423130e+0
 5.7448517080e+0
 5.2795768980e+0
 4.4401259100e+0
 5.7078456120e+0
 7.1033709310e+0
 6.1757984910e+0
 6.7152768600e+0
 5.9608121910e+0
 6.7253045670e+0
 6.8682305060e+0
 7.1804595090e+0
 4.7939077160e+0
 5.4368196880e+0
 5.4798879830e+0
 7.2241615000e+0
 7.2229948810e+0
 6.6162436610e+0
 4.5863985070e+0
 7.2533412230e+0
 5.1478314910e+0
 6.0059952870e+0
 6.6519988780e+0
 4.6267471190e+0
 5.7105611230e+0
 6.9617889350e+0
 6.7085899810e+0
 5.7237575510e+0
 7.0127835550e+0
 5.1373422980e+0
 7.2427003680e+0
 5.5205186730e+0
 6.5789815240e+0
 5.6318387560e+0
 6.1743202550e+0
 7.0136962540e+0
 5.3985101580e+0
 4.5818688820e+0
 4.3350465460e+0
 6.8160935170e+0
 6.1210408470e+0
 7.0155413880e+0
 6.8426596470e+0
 5.3315644760e+0
 4.1556176860e+0
 6.4839066320e+0
 5.8213192500e+0
 5.9575706450e+0
 7.7604326350e+0
 6.0802752140e+0
 5.4412005720e+0
 4.7571823280e+0
 6.1160862760e+0
 5.8835418840e+0
 4.4950554160e+0
 5.2505139020e+0
 5.0551245000e+0
 4.8191346540e+0
 5.3688707950e+0
 5.6870068770e+0
 5.3839440800e+0
 5.7838073900e+0
 6.9338756370e+0
 4.4145468150e+0
 6.8401668610e+0
 7.1458397550e+0
 6.8770182080e+0
 4.7150747050e+0
 6.9772419800e+0
 7.1311522920e+0
 4.8107440770e+0
 7.3643962530e+0
 5.7558937960e+0
 6.2343097470e+0
 6.7806017780e+0
 3.6521947460e+0
 5.9990214690e+0
 6.3350264510e+0
 5.9083501300e+0
 5.1038645990e+0
 5.0519666440e+0
 5.7592251420e+0
 5.2274512910e+0
 7.2408368360e+0
 5.8454797390e+0
 5.9859266380e+0
 7.1063311100e+0
 7.9545401780e+0
 5.0574071910e+0
 7.2495794180e+0
 7.2308305130e+0
 7.9043262680e+0
 4.6729155980e+0
 5.5808391860e+0
 6.5113057910e+0
 7.4447014650e+0
 6.5463500860e+0
 6.8145259060e+0
 6.1083225320e+0
 6.3496066490e+0
 6.8183376500e+0
 5.4686457610e+0
 4.8308672280e+0
 5.9132382570e+0
 4.7928580690e+0
 6.6015001920e+0
 7.1395883790e+0
 6.8783957130e+0
 6.9591154310e+0
 6.8068110670e+0
 6.9552898440e+0
 5.2599847070e+0
 3.9666171760e+0
 7.8227049460e+0
 8.0135502010e+0
 5.4062971280e+0
 6.3886890790e+0
 5.3159281990e+0
 4.3490138050e+0
 5.5870779620e+0
 6.0337676960e+0
 4.8506278810e+0
 5.8542440590e+0
 5.9585741710e+0
 6.7567296630e+0
 6.4023691420e+0
 5.3061420770e+0
 4.7815295540e+0
 8.1870790420e+0
 6.1876440510e+0
 7.9250510770e+0
 3.5428624350e+0
 6.9842610210e+0
 5.8023342990e+0
 4.2332132660e+0
 5.5856012750e+0
 7.7391854320e+0
 3.1471149130e+0
 6.4237620470e+0
 6.2001107040e+0
 5.6875674170e+0
 6.3372161460e+0
 6.1744313710e+0
 8.3823832480e+0
 5.6792848300e+0
 7.8748266990e+0
 6.1807900990e+0
 6.0899486900e+0
 6.3117379630e+0
 6.7591019960e+0
 7.6921410570e+0
 4.5655786240e+0
 6.2563063160e+0
 7.1756694460e+0
 5.6904446850e+0
 6.8367917330e+0
 4.7527229260e+0
 5.5498329930e+0
 4.6510189260e+0
 5.5135700710e+0
 5.9347654570e+0
 5.4074809130e+0
 5.0510140300e+0
 6.1504614760e+0
 6.1469090720e+0
 5.6372228180e+0
 7.1241256550e+0
 6.0588022290e+0
 5.0153483950e+0
 5.8924229390e+0
 5.6612087150e+0
 7.3095880810e+0
 6.5231282430e+0
 6.3250181260e+0
 3.9800231600e+0
 5.6128340260e+0
 6.2565559050e+0
 7.7011304210e+0
 6.4289860390e+0
 6.0893682080e+0
 4.8129198970e+0
 5.5171004140e+0
 6.5438822890e+0
 9.3675456730e+0
 6.6907485720e+0
 5.2368132690e+0
 7.0239472990e+0
 6.2929108500e+0
 5.3916393370e+0
 7.3805974370e+0
 6.7298333750e+0
 7.0868481430e+0
 5.9623633480e+0
 6.3081326080e+0
 5.8161811920e+0
 7.1906701060e+0
 5.9039368540e+0
 6.8657354300e+0
 6.7872200650e+0
 6.4384884670e+0
 6.5648422290e+0
 4.8000311520e+0
 6.3315043040e+0
 5.8178851400e+0
 6.5570250750e+0
 4.7961513840e+0
 5.6524496590e+0
 7.4908032080e+0
 7.2276166010e+0
 5.9088056540e+0
 6.9084006300e+0
 5.4739241000e+0
 5.0627014670e+0
 7.0022301620e+0
 7.0859274630e+0
 5.6397933380e+0
 7.0750885710e+0
 6.5743978100e+0
 6.5155161470e+0
 7.1166449470e+0
 8.2760074900e+0
 7.7809275730e+0
 7.2384983360e+0
 6.9789746590e+0
 5.0487769220e+0
 4.8161568080e+0
 5.7438164660e+0
 5.9741212760e+0
 6.0844895130e+0
 5.1898853290e+0
 6.8786701140e+0
 6.6103350170e+0
 3.7599021130e+0
 7.8302204210e+0
 7.4322116690e+0
 9.4059534220e+0
 7.6478522730e+0
 1.0184263800e+1
 7.4695029030e+0
 6.8038797620e+0
 8.1949028530e+0
 9.4044501060e+0
 6.1159183490e+0
 8.5511385430e+0
 8.3001042810e+0
 8.8904344220e+0
 8.1221451150e+0
 7.8525253320e+0
 7.2873631120e+0
 8.9794415080e+0
 8.8677245940e+0
 7.6053485080e+0
 9.8184540940e+0
 8.2146511110e+0
 8.8718954240e+0
 9.9758577810e+0
 9.1169020870e+0
 1.0200624850e+1
 7.1436840260e+0
 8.9338011450e+0
 8.1240159110e+0
 9.0509941740e+0
 8.1288357730e+0
 7.9141876830e+0
 8.5444230070e+0
 6.9864539810e+0
 8.3489712020e+0
 6.0454021460e+0
 7.8032152070e+0
 6.5736041220e+0
 8.1551975950e+0
 6.7379023650e+0
 8.4667049380e+0
 8.9856283870e+0
 8.6517537950e+0
 8.0108824720e+0
 7.2140431660e+0
 7.0162176600e+0
 5.8808959910e+0
 8.9539098680e+0
 8.3515246350e+0
 1.0865238210e+1
 7.6724362610e+0
 6.6467824140e+0
 8.1740912780e+0
 7.8870428300e+0
 7.2501920210e+0
 6.7802427920e+0
 7.4617060430e+0
 6.6963431670e+0
 7.8863709230e+0
 9.4338323720e+0
 9.4034508040e+0
 9.4077595100e+0
 6.7212514000e+0
 9.0358868900e+0
 8.1952186030e+0
 9.6367905530e+0
 7.8504315840e+0
 6.5230546350e+0
 8.6656490620e+0
 8.7964039800e+0
 6.9858608860e+0
 6.2124079710e+0
 8.6653212280e+0
 9.4596646250e+0
 7.8435223440e+0
 6.2835087790e+0
 7.5672194070e+0
 9.6406942620e+0
 9.1688311850e+0
 8.5878921100e+0
 7.3618658780e+0
 8.3761708300e+0
 7.8686405110e+0
 7.3229375830e+0
 6.9109900890e+0
 7.7308510680e+0
 7.7866525440e+0
 6.5785940100e+0
 8.4676596910e+0
 8.6418610950e+0
 7.9932775790e+0
 8.2237310050e+0
 6.9991735100e+0
 8.1052149860e+0
 6.3007898630e+0
 7.4570941660e+0
 8.8291142180e+0
 8.6434864530e+0
 6.9818304300e+0
 7.4001440710e+0
 7.0273303560e+0
 8.1502655730e+0
 7.0414804210e+0
 7.2446036460e+0
 7.0934782630e+0
 6.7565579770e+0
 8.3748752430e+0
 9.0173823110e+0
 7.6408046170e+0
 8.9136854000e+0
 8.7672472570e+0
 7.5881177450e+0
 8.1465160350e+0
 6.3553259440e+0
 8.3101102320e+0
 9.0666454740e+0
 7.0510886460e+0
 9.6206221780e+0
 7.3287900330e+0
 8.8145818890e+0
 8.9748811010e+0
 9.3912642530e+0
 7.6249705510e+0
 9.3455898360e+0
 8.7195981050e+0
 7.0233531940e+0
 6.7679335100e+0
 8.3311756440e+0
 8.5236742340e+0
 9.0957181450e+0
 8.6124263150e+0
 7.8877232460e+0
 7.0505638320e+0
 8.0901389690e+0
 7.0121867390e+0
 7.7950264830e+0
 9.0367151020e+0
 7.6700334140e+0
 8.1121805420e+0
 9.1318123700e+0
 7.7551622410e+0
 7.7861575350e+0
 8.1962002870e+0
 7.5278745490e+0
 7.2768081710e+0
 8.3322003350e+0
 7.5623059290e+0
 4.6172494570e+0
 8.9335027790e+0
 6.5599913540e+0
 7.7534337470e+0
 7.1667138380e+0
 9.2242788800e+0
 7.3028870870e+0
 8.4294947530e+0
 7.9197630410e+0
 7.9794672350e+0
 7.1882883740e+0
 7.8001286590e+0
 8.3110881190e+0
 8.0795302940e+0
 8.6973336290e+0
 8.7004070660e+0
 8.4098613670e+0
 8.8944585350e+0
 6.9544095150e+0
 7.7049974940e+0
 6.3877505430e+0
 9.4119060250e+0
 8.3643653830e+0
 7.1399611530e+0
 5.8524964170e+0
 7.8788585020e+0
 7.7062413880e+0
 7.5336474320e+0
 9.2329283800e+0
 8.1987741120e+0
 8.5179381950e+0
 1.0308016240e+1
 1.0051737850e+1
 7.9671297800e+0
 6.9789360850e+0
 7.1867876050e+0
 8.5041311370e+0
 7.5478793260e+0
 9.4989886550e+0
 7.6760908690e+0
 6.8677352050e+0
 8.4535079230e+0
 7.1832063360e+0
 8.5847446070e+0
 9.2177503650e+0
 7.1649372440e+0
 7.8920952920e+0
 8.9694401360e+0
 6.1987754470e+0
 7.5718305850e+0
 9.3882553950e+0
 8.5040784500e+0
 7.0986576260e+0
 9.5012774650e+0
 7.2861120880e+0
 8.0532528910e+0
 5.8161139720e+0
 8.5990466230e+0
 8.6588688060e+0
 7.9048511170e+0
 8.2563307810e+0
 6.7944369380e+0
 9.6444896280e+0
 5.8406549020e+0
 8.2446500140e+0
 7.4993098920e+0
 7.9171931050e+0
 6.8655255650e+0
 8.0721034350e+0
 7.6233907210e+0
 8.4021318310e+0
 6.6886030310e+0
 8.1775681650e+0
 8.2389938390e+0
 8.1241289720e+0
 7.9258087020e+0
 8.2313293800e+0
 1.0202679610e+1
 6.5422756880e+0
 6.8527522730e+0
 8.9525147650e+0
 6.9984763510e+0
 6.5471543830e+0
 7.9069413530e+0
 8.6587805530e+0
 6.9664336250e+0
 1.0715375530e+1
 8.5704707910e+0
 8.6971416400e+0
 8.1372338500e+0
 7.3553701150e+0
 9.3853175940e+0
 7.3838397560e+0
 8.0030175960e+0
 8.5470487330e+0
 1.0199024030e+1
 7.3229768650e+0
 8.0591725320e+0
 8.4464362240e+0
 9.5692692320e+0
 8.6378133850e+0
 7.3893977330e+0
 7.3495693750e+0
 7.6990319900e+0
 7.9805001850e+0
 6.8319303260e+0
 7.7447961700e+0
 1.0413074490e+1
 8.1644061360e+0
 8.5465307450e+0
 1.0780860790e+1
 7.4480583220e+0
 7.5708587700e+0
 6.2473997930e+0
 7.5689918470e+0
 7.2379259220e+0
 8.3872288470e+0
 6.8974385740e+0
 1.0183853940e+1
 5.6510427480e+0
 8.5503947070e+0
 7.6786250170e+0
 7.8812574850e+0
 7.2825929930e+0
 8.7501934830e+0
 6.7421554970e+0
 7.0008997690e+0
 6.5321177960e+0
 7.7563846450e+0
 8.8263633010e+0
 7.3767016820e+0
 7.5940846210e+0
 7.7066950320e+0
 7.0463186360e+0
 7.8958358340e+0
 7.9611079690e+0
 7.6621457340e+0
 8.5703198850e+0
 7.1886697600e+0
 7.9182448600e+0
 5.9430827290e+0
 9.2516958970e+0
 9.4808115580e+0
 6.2064529600e+0
 8.3756146670e+0
 7.9092792370e+0
 7.7396154250e+0
 6.5203446020e+0
 9.0774428770e+0
 8.7956349000e+0
 6.5985896470e+0
 6.7718906960e+0
 9.0849765580e+0
 6.6753619930e+0
 8.8411768630e+0
 7.6917900340e+0
 7.1113876220e+0
 6.9895777460e+0
 7.9275539860e+0
 7.2408426420e+0
 7.0038335580e+0
 8.3873115850e+0
 7.0483449240e+0
 7.4105263980e+0
 8.0033368460e+0
 7.0688560860e+0
 7.2056770900e+0
 8.2267477620e+0
 9.2654985540e+0
 1.0390358500e+1
 7.7806320710e+0
 9.1469952150e+0
 5.9290265900e+0
 7.3301580440e+0
 6.4146484420e+0
 9.1614939040e+0
 9.2339989780e+0
 7.9753121780e+0
 9.6189520190e+0
 8.7204796780e+0
 7.0678256730e+0
 9.5649618380e+0
 8.7450938670e+0
 9.0851303980e+0
 6.0426728700e+0
 7.6444838340e+0
 7.1845525870e+0
 7.2186167330e+0
 8.4064926230e+0
 6.3333223320e+0
 7.6726882720e+0
 7.5690333140e+0
 8.6312885970e+0
 6.8187531440e+0
 7.1869516720e+0
 7.9899333110e+0
 9.7671177030e+0
 6.0777617810e+0
 8.1961530590e+0
 7.8003843540e+0
 8.2482551870e+0
 8.3882059980e+0
 8.9963993790e+0
 8.5325637170e+0
 7.4037524190e+0
 9.1807442090e+0
 9.1514900710e+0
 8.5051431300e+0
 8.5734841450e+0
 7.3957349260e+0
 6.5873043250e+0
 9.6226906550e+0
 7.8111164130e+0
 9.2289949990e+0
 7.3105516850e+0
 7.3888849000e+0
 6.5632228430e+0
 8.2913345350e+0
 7.0244520940e+0
 8.2808435220e+0
 6.8370816780e+0
 7.5485923260e+0
 8.7501016130e+0
 8.9885216620e+0
 7.4419890640e+0
 8.5980836260e+0
 7.5603598900e+0
 7.6850372700e+0
 6.8483798850e+0
 7.9260898250e+0
 7.7845556850e+0
 9.0290606050e+0
 8.4977548910e+0
 7.6046585110e+0
 6.1169275500e+0
 8.1199539830e+0
 8.4083874420e+0
 8.2539233050e+0
 7.0183414530e+0
 8.8448541810e+0
 6.8704911180e+0
 7.9238192560e+0
 7.7766551190e+0
 7.6867583380e+0
 9.4884033240e+0
 8.6379345130e+0
 9.7045116280e+0
 8.0071241710e+0
 7.1760716910e+0
 6.3673714490e+0
 9.9621213780e+0
 9.2810774990e+0
 7.9545711660e+0
 9.0870045970e+0
 9.5758996170e+0
 6.8006229630e+0
 6.8350629430e+0
 7.8658617820e+0
 6.5898995880e+0
 8.0598549430e+0
 6.3085206830e+0
 7.6615920030e+0
 9.6477870740e+0
 8.0523825370e+0
 7.7461864510e+0
 4.5496969430e+0
 7.5659235340e+0
 9.5771339820e+0
 7.5373616820e+0
 8.1868375820e+0
 8.1282897790e+0
 8.6502762940e+0
 7.3619082150e+0
 8.7281326090e+0
 7.5178465450e+0
 8.3948117850e+0
 1.0645042570e+1
 8.5889063700e+0
 7.3399388940e+0
 7.4310377610e+0
 8.2048065680e+0
 7.6240911030e+0
 8.5029414150e+0
 9.1713852310e+0
 8.3238457790e+0
 6.2535803180e+0
 7.1762298750e+0
 7.9312015390e+0
 7.2190910640e+0
 7.8872091270e+0
 9.5007520740e+0
 7.2938370650e+0
 5.1939291410e+0
 6.6882104150e+0
 9.7537031090e+0
 6.8841447860e+0
 7.9548364780e+0
 8.6779551490e+0
 6.3804547040e+0
 7.4372191610e+0
 8.1645582500e+0
 6.7586950610e+0
 7.8350732430e+0
 7.2598312490e+0
 6.8151011190e+0
 7.2274772870e+0
 8.4601863270e+0
 7.8403961090e+0
 8.8763320670e+0
 8.1710643280e+0
 6.7659993490e+0
 8.2598502300e+0
 8.0039933170e+0
 7.0805073820e+0
 8.1617984360e+0
 7.9903362110e+0
 6.5139255750e+0
 8.0680339410e+0
 7.3518924220e+0
 6.2113197020e+0
 8.3973385470e+0
 7.0040880450e+0
 8.2672343310e+0
 1.0071522960e+1
 9.0552050960e+0
 7.4397356070e+0
 6.8052687880e+0
 6.4015748930e+0
 6.1005247590e+0
 8.0270206620e+0
 8.6303481730e+0
 9.2863536320e+0
 6.7927432360e+0
 7.9265937610e+0
 6.8719178470e+0
 7.7895570190e+0
 8.2868927770e+0
 8.8741567820e+0
 7.7850449720e+0
 7.9073249790e+0
 7.7826329490e+0
 6.8407524360e+0
 9.3494294030e+0
 6.6739395570e+0
 8.4201548970e+0
 7.3207035980e+0
 9.1971563680e+0
 6.3306569670e+0
 7.0693545640e+0
 6.6226839940e+0
 8.2021031240e+0
 9.7660267800e+0
 9.6271148490e+0
 8.3685135910e+0
 7.9388197840e+0
 9.3293468680e+0
 7.1096202110e+0
 8.1540768050e+0
 7.3227982340e+0
 7.3595300980e+0
 6.9028029650e+0
 9.7860268640e+0
 7.9789582170e+0
 7.3561445140e+0
 9.3750734830e+0
 8.9951024360e+0
 9.1809602640e+0
 9.4416658970e+0
 7.9327139880e+0
 7.1293898230e+0
 8.0766049930e+0
 7.7178129680e+0
 6.9656889800e+0
 7.6929144240e+0
 9.1819241330e+0
 8.0466246980e+0
 8.1309219570e+0
 7.1874845340e+0
 9.0496859730e+0
 8.0073632540e+0
 7.7534754980e+0
 7.8066059550e+0
 8.3793542170e+0
 8.2151814750e+0
 9.1959491710e+0
 8.4742679520e+0
 8.6299198240e+0
 1.0106582290e+1
 7.1825824490e+0
 8.0203126140e+0
 7.8894141770e+0
 6.8778758120e+0
 7.8448205880e+0
 8.1575534590e+0
 7.5129568050e+0
 7.9645541640e+0
 7.6901649350e+0
 7.9778970690e+0
 9.2571023450e+0
 8.0051821290e+0
 7.6245048880e+0
 8.4494762370e+0
 9.1450585000e+0
 7.8040415000e+0
 6.9556109030e+0
 7.6702074560e+0
 8.2716097730e+0
 6.8004420130e+0
 7.9537891400e+0
 1.0658226710e+1
 7.7269836080e+0
 8.3034876440e+0
 8.5728240990e+0
 7.5244545990e+0
 7.6242823900e+0
 6.9432865410e+0
 7.9207817460e+0
 8.8897252800e+0
 6.7488017560e+0
 8.3396080940e+0
 6.6972546620e+0
 6.7044249750e+0
 7.9671082140e+0
 8.2765885050e+0
 7.9321145100e+0
 8.2566006090e+0
 7.4239369690e+0
 8.6093320790e+0
 6.3911298510e+0
 7.0626879290e+0
 9.7530082090e+0
 7.3770331220e+0
 7.4760677740e+0
 9.8719353900e+0
 8.3705717930e+0
 7.4157819370e+0
 8.0397854160e+0
 6.8677496950e+0
 6.9686960690e+0
 9.0206624550e+0
 6.1047535240e+0
 9.1163383090e+0
 7.8940259250e+0
 8.6979264560e+0
 7.2907818760e+0
 7.7174669260e+0
 8.3331246310e+0
 7.6619879320e+0
 8.0553108220e+0
 7.6011498170e+0
 7.9984438700e+0
 9.9877574730e+0
 7.1719224720e+0
 8.8538937190e+0
 9.3636765950e+0
 7.3844469020e+0
 7.0597808220e+0
 8.2130836160e+0
 9.4042221040e+0
 6.7045888050e+0
 8.0845478430e+0
 9.0637943540e+0
 1.0231952490e+1
 5.7733253250e+0
 7.8197339400e+0
 8.0448753490e+0
 8.8912021520e+0
 8.8987323220e+0
 7.1688575450e+0
 7.8974207530e+0
 8.5362379290e+0
 7.0981436620e+0
 7.2289165640e+0
 8.2501321290e+0
 8.0186920300e+0
 6.1290386350e+0
 8.0358590660e+0
 7.7828484350e+0
 7.3231299170e+0
 7.0386668250e+0
 6.1903276380e+0
 7.5836328380e+0
 8.2252637800e+0
 7.6714956620e+0
 9.5437901110e+0
 9.5005535280e+0
 6.8242195000e+0
 8.1865731940e+0
 7.5938929310e+0
 7.7662235490e+0
 7.4647725130e+0
 7.8006107710e+0
 8.6243572010e+0
 7.0824439130e+0
 8.2792668360e+0
 9.7965888490e+0
 8.6392572990e+0
 1.0384778390e+1
 6.5640570190e+0
 8.5594648790e+0
 7.1526871770e+0
 7.1014898110e+0
 7.2278640180e+0
 7.9855866690e+0
 7.5880929760e+0
 6.8802186920e+0
 8.5600177710e+0
 7.4910954880e+0
 6.9465610080e+0
 7.0240727600e+0
 8.4308791400e+0
 7.9165176790e+0
 8.0154668570e+0
 8.5868931230e+0
 8.8495686230e+0
 7.9618672760e+0
 6.8213853890e+0
 7.6534022720e+0
 7.4182581460e+0
 8.6563726100e+0
 9.0324373520e+0
 8.4979621780e+0
 9.4990664370e+0
 9.0736864280e+0
 9.2054235290e+0
 7.7208930680e+0
 8.7140988950e+0
 8.3693310230e+0
 7.9587034930e+0
 5.8004812040e+0
 8.0984228640e+0
 7.0998310280e+0
 8.7109068070e+0
 6.5382282280e+0
 8.5140311180e+0
 7.8804347240e+0
 8.5348013860e+0
 9.3181766310e+0
 8.8583018030e+0
 6.2919556010e+0
 8.2082113770e+0
 8.1819693650e+0
 6.6461724610e+0
 7.5109429390e+0
 8.1883818630e+0
 7.8694560430e+0
 6.5254098680e+0
 9.4128615340e+0
 9.3940032350e+0
 7.3644462830e+0
 8.7222414400e+0
 8.8977520480e+0
 9.0582479990e+0
 9.9243503700e+0
 8.9539170890e+0
 9.0606396050e+0
 7.7919404640e+0
 6.7215209870e+0
 6.9988064370e+0
 6.5334447360e+0
 8.0233407730e+0
 7.7637570040e+0
 7.6246139850e+0
 8.4070652210e+0
 8.1251498190e+0
 8.6750817430e+0
 9.4746019810e+0
 8.4876714310e+0
 8.3499349550e+0
 7.2275242400e+0
 8.1279461260e+0
 8.0368897080e+0
 8.2961689310e+0
 8.2187725600e+0
 7.2634015400e+0
 7.5868047510e+0
 7.3571795070e+0
 8.3636770800e+0
 9.3570203470e+0
 9.2248938890e+0
 8.1581037810e+0
 8.8938387720e+0
 9.2679073060e+0
 7.4295135050e+0
 7.6989117570e+0
 7.0290229950e+0
 1.0269091620e+1
 7.3186703240e+0
 7.6949095840e+0
 7.8478696080e+0
 6.9825003340e+0
 9.1446662700e+0
 7.8719420620e+0
 7.5700255170e+0
 8.3678935930e+0
 6.8082834210e+0
 9.5828475570e+0
 8.2881925590e+0
 9.8402283570e+0
 7.1108890170e+0
 8.5947038640e+0
 6.9098079470e+0
 7.2006258710e+0
 7.7919234970e+0
 7.4594233730e+0
 7.5303660760e+0
 6.8809279750e+0
 8.0634793190e+0
 7.8500939060e+0
 7.6176692440e+0
 6.8604983640e+0
 8.6134927810e+0
 7.1168934170e+0
 7.2866058360e+0
 8.5871642840e+0
 9.2484451660e+0
 6.9574335420e+0
 7.3884085790e+0
 9.7506118390e+0
 8.2748924390e+0
 7.3145230540e+0
 7.1702352660e+0
 9.3105551090e+0
 7.0068879030e+0
 8.8569295190e+0
 8.2098360990e+0
 1.0360141270e+1
 6.6505712110e+0
 8.7146205140e+0
 9.3156623660e+0
 6.9829239910e+0
 9.2606278370e+0
 6.5702396970e+0
 7.4422521390e+0
 7.1659706820e+0
 7.7013885630e+0
 7.4645749570e+0
 9.6680873700e+0
 7.5229002150e+0
 8.9053637400e+0
 7.0726453310e+0
 7.3502523530e+0
 7.9545922470e+0
 8.1417670610e+0
 8.2826835500e+0
 8.8062886450e+0
 9.1838429000e+0
 7.7655941210e+0
 9.6300843910e+0
 8.9657817380e+0
 8.0733378690e+0
 8.3347166680e+0
 8.4864455940e+0
 9.5834444280e+0
 8.8005018610e+0
 8.0540991130e+0
 8.6909029930e+0
 8.8840287990e+0
 9.3122855380e+0
 6.9598159200e+0
 6.6478217600e+0
 8.3922503490e+0
 8.2047080490e+0
 8.2913230860e+0
 7.8339150520e+0
 9.5383475360e+0
 8.0868692590e+0
 9.5549881050e+0
 1.0095301690e+1
 5.9383011840e+0
 8.9087113980e+0
 8.4530138720e+0
 7.9013020980e+0
 7.4794354560e+0
 7.9408688550e+0
 6.9321923040e+0
 8.4637207100e+0
 6.4529249640e+0
 7.9687831300e+0
 6.4464936010e+0
 8.1267213170e+0
 7.8888376710e+0
 7.1270590410e+0
 8.9169943010e+0
 9.0614829000e+0
 7.4684426050e+0
 9.4589969550e+0
 9.0811249370e+0
 8.6049676320e+0
 7.5120980150e+0
 7.6773660730e+0
 8.9569012200e+0
 8.7025736250e+0
 7.3916110700e+0
 1.0033564400e+1
 9.1029077920e+0
 6.9729815130e+0
 7.0323691520e+0
 9.2340103150e+0
 7.3355987160e+0
 6.8581090260e+0
 7.3453383210e+0
 6.4557062410e+0
 7.5709458060e+0
 8.6346199560e+0
 8.9462329390e+0
 9.2085253360e+0
 6.6496983220e+0
 7.3907891120e+0
 7.8981783320e+0
 6.8239473310e+0
 9.5287074640e+0
 8.9105112480e+0
 7.9573769280e+0
 9.3613717200e+0
 7.7050556190e+0
 8.9264640530e+0
 8.4019585530e+0
 7.8088685260e+0
 7.8903437380e+0
 6.4423956270e+0
 7.4959719670e+0
 9.0731961860e+0
 7.9451448450e+0
 8.1579240950e+0
 7.0606063420e+0
 7.9527279040e+0
 8.1326894620e+0
 8.9537759000e+0
 1.0090003150e+1
 8.5536826790e+0
 8.4727163820e+0
 8.0370027430e+0
 6.6001797680e+0
 7.9828842160e+0
 8.0427022170e+0
 7.9699781950e+0
 6.7462328300e+0
 8.1297046320e+0
 6.8466726930e+0
 6.5315136920e+0
 7.2878131350e+0
 8.0755035710e+0
 8.0793059900e+0
 8.5162805090e+0
 7.3207678500e+0
 8.0079569430e+0
 9.7504638600e+0
 7.7052207570e+0
 8.0839159950e+0
 9.1540486900e+0
 8.9159393660e+0
 9.0139402670e+0
 7.6613554540e+0
 9.3074595120e+0
 6.3952993160e+0
 8.9630538310e+0
 8.4659967130e+0
 7.0934880150e+0
 8.2513449990e+0
 9.2205543140e+0
 7.2442412520e+0
 8.8393237920e+0
 8.7197129380e+0
 6.9564997070e+0
 7.3703890990e+0
 6.7389465860e+0
 7.6162992720e+0
 8.6558358690e+0
 6.6745373080e+0
 7.8104009250e+0
 8.2691473210e+0
 8.1163587500e+0
 7.9712567950e+0
 8.9244686720e+0
 7.2481136080e+0
 9.7568524830e+0
 9.6945857240e+0
 8.2529522760e+0
 7.4520340050e+0
 7.8114976160e+0
 7.4506754030e+0
 8.9103666420e+0
 8.5324026740e+0
 7.4131772850e+0
 8.3007182200e+0
 8.6527124210e+0
 6.5164199720e+0
 7.9674532220e+0
 8.2623281610e+0
 8.3765434680e+0
 8.2176810070e+0
 9.3950649500e+0
 7.0877154640e+0
 9.9468975230e+0
 8.3326643960e+0
 5.9875719290e+0
 8.1529417200e+0
 7.2107165280e+0
 8.0229138290e+0
 8.4651260080e+0
 6.0169159270e+0
 7.9291002100e+0
 7.7837916540e+0
 8.9112383760e+0
 7.4422409790e+0
 8.3737727220e+0
 7.6151583710e+0
 9.4347716010e+0
 8.8962079580e+0
 8.8185665010e+0
 8.1111513330e+0
 7.1549555490e+0
 7.7375500070e+0
 8.1135409030e+0
 9.2126080510e+0
 8.7931155260e+0
 8.0716227620e+0
 7.5851808010e+0
 8.8878038260e+0
 6.4055532890e+0
 8.8745094570e+0
 7.7605461100e+0
 9.1806043440e+0
 8.5933702760e+0
 8.5169446220e+0
 7.1510701140e+0
 7.4022303460e+0
 8.4662466720e+0
 8.0991807710e+0
 9.0419474490e+0
 9.2775011580e+0
 7.6168058390e+0
 6.7846297660e+0
 7.8840806140e+0
 6.9487527680e+0
 7.8997768370e+0
 7.0708283980e+0
 7.7729445510e+0
 9.0899719370e+0
 9.4722524510e+0
 8.9086563340e+0
 8.2769725650e+0
 8.7011864090e+0
 8.2872384080e+0
 9.1479937250e+0
 8.7331052870e+0
 6.9482365320e+0
 6.5229532420e+0
 8.4944791630e+0
 8.2718611430e+0
 8.9430848610e+0
 9.3258246790e+0
 8.4679085020e+0
 8.9222656930e+0
 8.1093473540e+0
 7.6018465510e+0
 9.0707284190e+0
 6.0486937430e+0
 4.8459498220e+0
 7.3685895620e+0
 8.5980412050e+0
 7.2183821650e+0
 8.7807891650e+0
 7.7546471570e+0
 8.5916249020e+0
 7.6165172950e+0
 7.5743436450e+0
 9.0791060280e+0
 1.0014644790e+1
 7.6381347080e+0
 9.2733128120e+0
 7.6837244550e+0
 7.7526214040e+0
 9.5127556240e+0
 9.4542619490e+0
 8.2825017190e+0
 9.3318680380e+0
 6.7946980050e+0
 8.9015065340e+0
 7.5579395120e+0
 8.7812257800e+0
 7.7122624600e+0
 8.8132219340e+0
 8.0665958260e+0
 6.6639092860e+0
 8.3475676240e+0
 9.2417487090e+0
 8.8637530780e+0
 7.7090780620e+0
 9.1967586040e+0
 7.0737739020e+0
 8.3298554860e+0
 8.0455098120e+0
 9.3669158450e+0
 8.2393428590e+0
 7.2087304210e+0
 8.0970494270e+0
 7.7450875340e+0
 7.3998895290e+0
 8.0380567080e+0
 7.4221619500e+0
 8.7916948950e+0
 7.8600099390e+0
 7.8740526350e+0
 6.2690939170e+0
 9.5140938000e+0
 9.3792158480e+0
 7.7613557420e+0
 8.4750456210e+0
 6.7320024040e+0
 7.7869050610e+0
 6.7414372310e+0
 7.2317226190e+0
 8.6328342100e+0
 6.3783540670e+0
 8.3589642470e+0
 8.7031385620e+0
 7.7740541920e+0
 7.3202682720e+0
 6.6186160370e+0
 7.3844263530e+0
 7.4636701030e+0
 6.5669057450e+0
 7.8597195130e+0
 6.7214292460e+0
 7.1572821180e+0
 7.7739148560e+0
 8.7234456730e+0
 7.6025004780e+0
 8.3045869830e+0
 7.0122248860e+0
 8.2723480970e+0
 8.0502768260e+0
 8.6087141800e+0
 8.3598441930e+0
 7.8426989220e+0
 7.0955627680e+0
 6.2355269510e+0
 8.3767305280e+0
 8.1291590470e+0
 9.0730111880e+0
 9.9214197820e+0
 8.0631253040e+0
 7.5892323810e+0
 8.3640054580e+0
 8.7338396290e+0
 8.5175640380e+0
 7.3753879980e+0
 7.4794496030e+0
 7.2779234940e+0
 8.2161381730e+0
 9.2368001930e+0
 6.6560477440e+0
 6.0667442880e+0
 8.2184107840e+0
 8.3516363050e+0
 8.5991018160e+0
 8.5009675440e+0
 7.3264535730e+0
 8.0411331040e+0
 8.3285890320e+0
 7.7940989710e+0
 8.0230716390e+0
 8.0741712240e+0
 5.9061244880e+0
 7.4578713950e+0
 9.1830227710e+0
 9.2972133600e+0
 6.5339773260e+0
 8.9709935190e+0
 8.7703331940e+0
 8.8755943980e+0
 6.9901348720e+0
 6.5278618500e+0
 9.6592853030e+0
 7.6635139910e+0
 7.1226724200e+0
 7.7355128800e+0
 7.0995619890e+0
 8.3382208460e+0
 9.9436167800e+0
 9.3639786750e+0
 8.0600671920e+0
 6.4007181950e+0
 8.0286831240e+0
 7.9689174350e+0
 7.7429297100e+0
 8.4020899980e+0
 5.9845569400e+0
 7.4224388210e+0
 8.2923937000e+0
 7.3993974720e+0
 6.9554831120e+0
 7.0197733710e+0
 7.2634314140e+0
 8.7726459950e+0
 5.0776579650e+0
 8.8155992770e+0
 7.8162144210e+0
 9.8947511220e+0
 6.8123612650e+0
 7.5208246970e+0
 7.7047419620e+0
 8.3832365790e+0
 6.2827669320e+0
 7.2081250810e+0
 9.1909579750e+0
 7.0445867670e+0
 9.0925821940e+0
 6.0686929430e+0
 7.3414378380e+0
 7.6258544830e+0
 7.6254646820e+0
 7.9055873430e+0
 7.0919079910e+0
 9.4299120290e+0
 7.0876793390e+0
 7.9601959030e+0
 7.7339896170e+0
 7.7357027530e+0
 7.7826023180e+0
 8.7723878710e+0
 9.1572898140e+0
 6.3785449440e+0
 8.9667971370e+0
 8.5172174570e+0
 7.1967740380e+0
 7.7675371870e+0
 9.6125762000e+0
 8.4343188900e+0
 8.7409239800e+0
 7.9123864720e+0
 6.2588227540e+0
 6.0024130080e+0
 7.4084356820e+0
 8.6602522630e+0
 7.8919985100e+0
 7.1954702780e+0
 6.8893053050e+0
 8.6600054390e+0
 8.1902616420e+0
 7.7933955780e+0
 7.4381059260e+0
 8.6354674150e+0
 8.2979342200e+0
 8.3739704080e+0
 7.3258480240e+0
 8.5909477550e+0
 9.2546369620e+0
 8.7211306640e+0
 8.9074999480e+0
 9.0160702070e+0
 9.0261109170e+0
 7.6681625220e+0
 6.6186428040e+0
 7.9819188090e+0
 7.9505113340e+0
 7.3930270150e+0
 8.7487033640e+0
 8.8822465260e+0
 7.0305306340e+0
 7.3936532590e+0
 6.2354599500e+0
 1.0207383650e+1
 8.1977835960e+0
 8.2969825020e+0
 7.1850371110e+0
 8.6586051310e+0
 8.1923034420e+0
 9.5285972070e+0
 6.0086229000e+0
 6.4594662290e+0
 7.6376713130e+0
 5.3323062150e+0
 7.8267208960e+0
 6.3677659580e+0
 8.7041215800e+0
 7.4187838670e+0
 8.4109466600e+0
 8.2959874170e+0
 1.0122869800e+1
 9.0763454370e+0
 8.2646746600e+0
 7.8679315920e+0
 9.7998819460e+0
 9.6962310860e+0
 9.5932542600e+0
 9.7020011410e+0
 6.7447658560e+0
 8.5084088340e+0
 9.1281248200e+0
 8.2118249410e+0
 8.3069438320e+0
 8.0667688440e+0
 7.0338684070e+0
 6.6556579080e+0
 8.7252611000e+0
 7.0884026830e+0
 7.3958349270e+0
 7.0436806350e+0
 6.9564851300e+0
 8.0086500220e+0
 8.2199595330e+0
 8.5310279190e+0
 1.0051281810e+1
 8.5678451870e+0
 7.1659444120e+0
 8.6400839540e+0
 8.3144730810e+0
 8.8200219810e+0
 6.5478930470e+0
 6.7854282230e+0
 6.6848077610e+0
 6.4443249940e+0
 8.2819852570e+0
 8.0078443880e+0
 9.3812148840e+0
 8.0734697410e+0
 7.8949273650e+0
 7.5706481290e+0
 9.2066619620e+0
 8.5817541670e+0
 8.3430874500e+0
 7.2711827370e+0
 6.7770958990e+0
 7.9173266770e+0
 7.8122888780e+0
 1.0005000180e+1
 7.7090578970e+0
 7.8379022050e+0
 6.9489322960e+0
 7.3359822610e+0
 8.5417588100e+0
 7.5700961740e+0
 7.0015209980e+0
 9.7391110140e+0
 7.9023815430e+0
 1.0060886010e+1
 8.0115993400e+0
 8.2101110360e+0
 7.9015268080e+0
 8.8634116760e+0
 7.9278602220e+0
 8.6090435140e+0
 8.0081888500e+0
 9.8361476050e+0
 8.2298832850e+0
 8.9719615570e+0
 7.0204965990e+0
 8.2667398050e+0
 8.1347949050e+0
 8.4018632510e+0
 7.8639716270e+0
 9.0468452540e+0
 6.5009696220e+0
 8.7503124520e+0
 7.6814505600e+0
 6.9246764180e+0
 9.0335612240e+0
 7.9931986390e+0
 8.3834206650e+0
 8.3801758650e+0
 9.9999506060e+0
 7.6881437080e+0
 6.9723004340e+0
 7.6909067290e+0
 6.9054260990e+0
 6.7485244580e+0
 7.4693046790e+0
 7.0164580080e+0
 6.8215978200e+0
 7.6323380890e+0
 7.5928313260e+0
 7.7114208160e+0
 9.2525905930e+0
 6.2650531060e+0
 1.0009980270e+1
 8.6588411670e+0
 8.4412240630e+0
 9.2076434360e+0
 9.0246100920e+0
 8.0304155190e+0
 8.0028020350e+0
 8.6218134770e+0
 6.0397796490e+0
 9.1838043270e+0
 7.8333872230e+0
 8.1880601320e+0
 8.0715670980e+0
 6.8009461280e+0
 9.1521208180e+0
 8.8657961990e+0
 6.8169206200e+0
 7.9897295890e+0
 7.0865137490e+0
 6.5474004710e+0
 8.4477434990e+0
 5.5491744270e+0
 8.5773719360e+0
 8.9656671420e+0
 7.6313818820e+0
 8.1298445090e+0
 7.6856052440e+0
 7.5498856750e+0
 8.2328129750e+0
 7.5994543940e+0
 8.1382820690e+0
 8.2513453740e+0
 6.4374177730e+0
 8.6275923160e+0
 6.5552252870e+0
 8.9564453490e+0
 8.7873323890e+0
 8.3446647660e+0
 8.2977340570e+0
 7.0480428130e+0
 6.3562873060e+0
 9.6241217730e+0
 7.3793024620e+0
 6.7548096070e+0
 7.7776267770e+0
 7.5213244740e+0
 8.2562915260e+0
 9.0711346160e+0
 8.8559108990e+0
 7.2143385490e+0
 7.6108181920e+0
 8.5396584660e+0
 7.1682515490e+0
 6.8454841030e+0
 6.7101707920e+0
 6.6090357830e+0
 8.8826351250e+0
 8.2926040940e+0
 6.2997010760e+0
 9.0721337070e+0
 8.8085861840e+0
 8.3920241470e+0
 9.1483940170e+0
 6.5872480100e+0
 7.5640596260e+0
 8.7243367930e+0
 1.1018313400e+1
 7.6758938620e+0
 7.7686241620e+0
 8.0861467810e+0
 8.7637254240e+0
 6.2728231010e+0
 7.8803495360e+0
 7.3135935970e+0
 9.4357785480e+0
 8.0805593080e+0
 7.5437210440e+0
 8.1585091040e+0
 6.6797408670e+0
 7.0213130550e+0
 8.0716885700e+0
 8.4609187540e+0
 8.5700505660e+0
 7.9717136100e+0
 7.7577743820e+0
 7.8707113230e+0
 1.0531214880e+1
 9.7232822700e+0
 6.9712072070e+0
 8.8872673820e+0
 9.0832125890e+0
 6.6288119900e+0
 8.4371216780e+0
 8.3566295270e+0
 9.7437149720e+0
 7.5227063450e+0
 7.9105475040e+0
 8.8293190100e+0
 6.9972265560e+0
 7.0509278830e+0
 7.2132675650e+0
 7.1955136390e+0
 8.6792586260e+0
 9.4126094400e+0
 8.8014498290e+0
 7.8391991890e+0
 7.6448696420e+0
 6.7718378400e+0
 8.3151851380e+0
 7.5759931690e+0
 8.2200945060e+0
 8.1387587380e+0
 6.3081865430e+0
 8.9705262890e+0
 7.9920883120e+0
 8.2070251780e+0
 7.7187545720e+0
 7.1271856450e+0
 6.3972746650e+0
 7.2766383650e+0
 8.1784677660e+0
 8.7349820020e+0
 7.9995557390e+0
 7.1725973180e+0
 7.4573310140e+0
 9.6392488710e+0
 6.0469953200e+0
 7.2668644030e+0
 7.6592742440e+0
 7.5143224890e+0
 1.0378193870e+1
 8.3130634620e+0
 7.5069750150e+0
 7.1994407120e+0
 7.5636108110e+0
 8.2456172400e+0
 6.4016630160e+0
 7.5700365750e+0
 7.4882903370e+0
 7.9640972430e+0
 8.5082795610e+0
 9.4028309190e+0
 7.9843001440e+0
 7.9663390660e+0
 8.7769320420e+0
 9.3767205300e+0
 6.4704101530e+0
 7.9710675170e+0
 8.5216663090e+0
 7.2991148110e+0
 8.6119996050e+0
 8.5863671980e+0
 8.5959977200e+0
 9.2206879460e+0
 8.1587718360e+0
 8.4057270630e+0
 9.2629317800e+0
 8.0232617680e+0
 7.0638804770e+0
 7.6942500320e+0
 7.8373614900e+0
 7.0304528420e+0
 7.4213071890e+0
 7.4359084680e+0
 8.2387402790e+0
 6.0359688900e+0
 8.4216931480e+0
 7.3516377190e+0
 1.0528948420e+1
 9.5044176300e+0
 6.1940630340e+0
 8.2976831370e+0
 6.8048214610e+0
 8.6400705380e+0
 8.1724286870e+0
 7.1119232500e+0
 7.7968439530e+0