7.8302204210e+0
 7.4322116690e+0
 9.4059534220e+0
 7.6478522730e+0
 1.0184263800e+1
 7.4695029030e+0
 6.8038797620e+0
 8.1949028530e+0
 9.4044501060e+0
 6.1159183490e+0
 8.5511385430e+0
 8.3001042810e+0
 8.8904344220e+0
 8.1221451150e+0
 7.8525253320e+0
 7.2873631120e+0
 8.9794415080e+0
 8.8677245940e+0
 7.6053485080e+0
 9.8184540940e+0
 8.2146511110e+0
 8.8718954240e+0
 9.9758577810e+0
 9.1169020870e+0
 1.0200624850e+1
 7.1436840260e+0
 8.9338011450e+0
 8.1240159110e+0
 9.0509941740e+0
 8.1288357730e+0
 7.9141876830e+0
 8.5444230070e+0
 6.9864539810e+0
 8.3489712020e+0
 6.0454021460e+0
 7.8032152070e+0
 6.5736041220e+0
 8.1551975950e+0
 6.7379023650e+0
 8.4667049380e+0
 8.9856283870e+0
 8.6517537950e+0
 8.0108824720e+0
 7.2140431660e+0
 7.0162176600e+0
 5.8808959910e+0
 8.9539098680e+0
 8.3515246350e+0
 1.0865238210e+1
 7.6724362610e+0
 6.6467824140e+0
 8.1740912780e+0
 7.8870428300e+0
 7.2501920210e+0
 6.7802427920e+0
 7.4617060430e+0
 6.6963431670e+0
 7.8863709230e+0
 9.4338323720e+0
 9.4034508040e+0
 9.4077595100e+0
 6.7212514000e+0
 9.0358868900e+0
 8.1952186030e+0
 9.6367905530e+0
 7.8504315840e+0
 6.5230546350e+0
 8.6656490620e+0
 8.7964039800e+0
 6.9858608860e+0
 6.2124079710e+0
 8.6653212280e+0
 9.4596646250e+0
 7.8435223440e+0
 6.2835087790e+0
 7.5672194070e+0
 9.6406942620e+0
 9.1688311850e+0
 8.5878921100e+0
 7.3618658780e+0
 8.3761708300e+0
 7.8686405110e+0
 7.3229375830e+0
 6.9109900890e+0
 7.7308510680e+0
 7.7866525440e+0
 6.5785940100e+0
 8.4676596910e+0
 8.6418610950e+0
 7.9932775790e+0
 8.2237310050e+0
 6.9991735100e+0
 8.1052149860e+0
 6.3007898630e+0
 7.4570941660e+0
 8.8291142180e+0
 8.6434864530e+0
 6.9818304300e+0
 7.4001440710e+0
 7.0273303560e+0
 8.1502655730e+0
 7.0414804210e+0
 7.2446036460e+0
 7.0934782630e+0
 6.7565579770e+0
 8.3748752430e+0
 9.0173823110e+0
 7.6408046170e+0
 8.9136854000e+0
 8.7672472570e+0
 7.5881177450e+0
 8.1465160350e+0
 6.3553259440e+0
 8.3101102320e+0
 9.0666454740e+0
 7.0510886460e+0
 9.6206221780e+0
 7.3287900330e+0
 8.8145818890e+0
 8.9748811010e+0
 9.3912642530e+0
 7.6249705510e+0
 9.3455898360e+0
 8.7195981050e+0
 7.0233531940e+0
 6.7679335100e+0
 8.3311756440e+0
 8.5236742340e+0
 9.0957181450e+0
 8.6124263150e+0
 7.8877232460e+0
 7.0505638320e+0
 8.0901389690e+0
 7.0121867390e+0
 7.7950264830e+0
 9.0367151020e+0
 7.6700334140e+0
 8.1121805420e+0
 9.1318123700e+0
 7.7551622410e+0
 7.7861575350e+0
 8.1962002870e+0
 7.5278745490e+0
 7.2768081710e+0
 8.3322003350e+0
 7.5623059290e+0
 4.6172494570e+0
 8.9335027790e+0
 6.5599913540e+0
 7.7534337470e+0
 7.1667138380e+0
 9.2242788800e+0
 7.3028870870e+0
 8.4294947530e+0
 7.9197630410e+0
 7.9794672350e+0
 7.1882883740e+0
 7.8001286590e+0
 8.3110881190e+0
 8.0795302940e+0
 8.6973336290e+0
 8.7004070660e+0
 8.4098613670e+0
 8.8944585350e+0
 6.9544095150e+0
 7.7049974940e+0
 6.3877505430e+0
 9.4119060250e+0
 8.3643653830e+0
 7.1399611530e+0
 5.8524964170e+0
 7.8788585020e+0
 7.7062413880e+0
 7.5336474320e+0
 9.2329283800e+0
 8.1987741120e+0
 8.5179381950e+0
 1.0308016240e+1
 1.0051737850e+1
 7.9671297800e+0
 6.9789360850e+0
 7.1867876050e+0
 8.5041311370e+0
 7.5478793260e+0
 9.4989886550e+0
 7.6760908690e+0
 6.8677352050e+0
 8.4535079230e+0
 7.1832063360e+0
 8.5847446070e+0
 9.2177503650e+0
 7.1649372440e+0
 7.8920952920e+0
 8.9694401360e+0
 6.1987754470e+0
 7.5718305850e+0
 9.3882553950e+0
 8.5040784500e+0
 7.0986576260e+0
 9.5012774650e+0
 7.2861120880e+0
 8.0532528910e+0
 5.8161139720e+0
 8.5990466230e+0
 8.6588688060e+0
 7.9048511170e+0
 8.2563307810e+0
 6.7944369380e+0
 9.6444896280e+0
 5.8406549020e+0
 8.2446500140e+0
 7.4993098920e+0
 7.9171931050e+0
 6.8655255650e+0
 8.0721034350e+0
 7.6233907210e+0
 8.4021318310e+0
 6.6886030310e+0
 8.1775681650e+0
 8.2389938390e+0
 8.1241289720e+0
 7.9258087020e+0
 8.2313293800e+0
 1.0202679610e+1
 6.5422756880e+0
 6.8527522730e+0
 8.9525147650e+0
 6.9984763510e+0
 6.5471543830e+0
 7.9069413530e+0
 8.6587805530e+0
 6.9664336250e+0
 1.0715375530e+1
 8.5704707910e+0
 8.6971416400e+0
 8.1372338500e+0
 7.3553701150e+0
 9.3853175940e+0
 7.3838397560e+0
 8.0030175960e+0
 8.5470487330e+0
 1.0199024030e+1
 7.3229768650e+0
 8.0591725320e+0
 8.4464362240e+0
 9.5692692320e+0
 8.6378133850e+0
 7.3893977330e+0
 7.3495693750e+0
 7.6990319900e+0
 7.9805001850e+0
 6.8319303260e+0
 7.7447961700e+0
 1.0413074490e+1
 8.1644061360e+0
 8.5465307450e+0
 1.0780860790e+1
 7.4480583220e+0
 7.5708587700e+0
 6.2473997930e+0
 7.5689918470e+0
 7.2379259220e+0
 8.3872288470e+0
 6.8974385740e+0
 1.0183853940e+1
 5.6510427480e+0
 8.5503947070e+0
 7.6786250170e+0
 7.8812574850e+0
 7.2825929930e+0
 8.7501934830e+0
 6.7421554970e+0
 7.0008997690e+0
 6.5321177960e+0
 7.7563846450e+0
 8.8263633010e+0
 7.3767016820e+0
 7.5940846210e+0
 7.7066950320e+0
 7.0463186360e+0
 7.8958358340e+0
 7.9611079690e+0
 7.6621457340e+0
 8.5703198850e+0
 7.1886697600e+0
 7.9182448600e+0
 5.9430827290e+0
 9.2516958970e+0
 9.4808115580e+0
 6.2064529600e+0
 8.3756146670e+0
 7.9092792370e+0
 7.7396154250e+0
 6.5203446020e+0
 9.0774428770e+0
 8.7956349000e+0
 6.5985896470e+0
 6.7718906960e+0
 9.0849765580e+0
 6.6753619930e+0
 8.8411768630e+0
 7.6917900340e+0
 7.1113876220e+0
 6.9895777460e+0
 7.9275539860e+0
 7.2408426420e+0
 7.0038335580e+0
 8.3873115850e+0
 7.0483449240e+0
 7.4105263980e+0
 8.0033368460e+0
 7.0688560860e+0
 7.2056770900e+0
 8.2267477620e+0
 9.2654985540e+0
 1.0390358500e+1
 7.7806320710e+0
 9.1469952150e+0
 5.9290265900e+0
 7.3301580440e+0
 6.4146484420e+0
 9.1614939040e+0
 9.2339989780e+0
 7.9753121780e+0
 9.6189520190e+0
 8.7204796780e+0
 7.0678256730e+0
 9.5649618380e+0
 8.7450938670e+0
 9.0851303980e+0
 6.0426728700e+0
 7.6444838340e+0
 7.1845525870e+0
 7.2186167330e+0
 8.4064926230e+0
 6.3333223320e+0
 7.6726882720e+0
 7.5690333140e+0
 8.6312885970e+0
 6.8187531440e+0
 7.1869516720e+0
 7.9899333110e+0
 9.7671177030e+0
 6.0777617810e+0
 8.1961530590e+0
 7.8003843540e+0
 8.2482551870e+0
 8.3882059980e+0
 8.9963993790e+0
 8.5325637170e+0
 7.4037524190e+0
 9.1807442090e+0
 9.1514900710e+0
 8.5051431300e+0
 8.5734841450e+0
 7.3957349260e+0
 6.5873043250e+0
 9.6226906550e+0
 7.8111164130e+0
 9.2289949990e+0
 7.3105516850e+0
 7.3888849000e+0
 6.5632228430e+0
 8.2913345350e+0
 7.0244520940e+0
 8.2808435220e+0
 6.8370816780e+0
 7.5485923260e+0
 8.7501016130e+0
 8.9885216620e+0
 7.4419890640e+0
 8.5980836260e+0
 7.5603598900e+0
 7.6850372700e+0
 6.8483798850e+0
 7.9260898250e+0
 7.7845556850e+0
 9.0290606050e+0
 8.4977548910e+0
 7.6046585110e+0
 6.1169275500e+0
 8.1199539830e+0
 8.4083874420e+0
 8.2539233050e+0
 7.0183414530e+0
 8.8448541810e+0
 6.8704911180e+0
 7.9238192560e+0
 7.7766551190e+0
 7.6867583380e+0
 9.4884033240e+0
 8.6379345130e+0
 9.7045116280e+0
 8.0071241710e+0
 7.1760716910e+0
 6.3673714490e+0
 9.9621213780e+0
 9.2810774990e+0
 7.9545711660e+0
 9.0870045970e+0
 9.5758996170e+0
 6.8006229630e+0
 6.8350629430e+0
 7.8658617820e+0
 6.5898995880e+0
 8.0598549430e+0
 6.3085206830e+0
 7.6615920030e+0
 9.6477870740e+0
 8.0523825370e+0
 7.7461864510e+0
 4.5496969430e+0
 7.5659235340e+0
 9.5771339820e+0
 7.5373616820e+0
 8.1868375820e+0
 8.1282897790e+0
 8.6502762940e+0
 7.3619082150e+0
 8.7281326090e+0
 7.5178465450e+0
 8.3948117850e+0
 1.0645042570e+1
 8.5889063700e+0
 7.3399388940e+0
 7.4310377610e+0
 8.2048065680e+0
 7.6240911030e+0
 8.5029414150e+0
 9.1713852310e+0
 8.3238457790e+0
 6.2535803180e+0
 7.1762298750e+0
 7.9312015390e+0
 7.2190910640e+0
 7.8872091270e+0
 9.5007520740e+0
 7.2938370650e+0
 5.1939291410e+0
 6.6882104150e+0
 9.7537031090e+0
 6.8841447860e+0
 7.9548364780e+0
 8.6779551490e+0
 6.3804547040e+0
 7.4372191610e+0
 8.1645582500e+0
 6.7586950610e+0
 7.8350732430e+0
 7.2598312490e+0
 6.8151011190e+0
 7.2274772870e+0
 8.4601863270e+0
 7.8403961090e+0
 8.8763320670e+0
 8.1710643280e+0
 6.7659993490e+0
 8.2598502300e+0
 8.0039933170e+0
 7.0805073820e+0
 8.1617984360e+0
 7.9903362110e+0
 6.5139255750e+0
 8.0680339410e+0
 7.3518924220e+0
 6.2113197020e+0
 8.3973385470e+0
 7.0040880450e+0
 8.2672343310e+0
 1.0071522960e+1
 9.0552050960e+0
 7.4397356070e+0
 6.8052687880e+0
 6.4015748930e+0
 6.1005247590e+0
 8.0270206620e+0
 8.6303481730e+0
 9.2863536320e+0
 6.7927432360e+0
 7.9265937610e+0
 6.8719178470e+0
 7.7895570190e+0
 8.2868927770e+0
 8.8741567820e+0
 7.7850449720e+0
 7.9073249790e+0
 7.7826329490e+0
 6.8407524360e+0
 9.3494294030e+0
 6.6739395570e+0
 8.4201548970e+0
 7.3207035980e+0
 9.1971563680e+0
 6.3306569670e+0
 7.0693545640e+0
 6.6226839940e+0
 8.2021031240e+0
 9.7660267800e+0
 9.6271148490e+0
 8.3685135910e+0
 7.9388197840e+0
 9.3293468680e+0
 7.1096202110e+0
 8.1540768050e+0
 7.3227982340e+0
 7.3595300980e+0
 6.9028029650e+0
 9.7860268640e+0
 7.9789582170e+0
 7.3561445140e+0
 9.3750734830e+0
 8.9951024360e+0
 9.1809602640e+0
 9.4416658970e+0
 7.9327139880e+0
 7.1293898230e+0
 8.0766049930e+0
 7.7178129680e+0
 6.9656889800e+0
 7.6929144240e+0
 9.1819241330e+0
 8.0466246980e+0
 8.1309219570e+0
 7.1874845340e+0
 9.0496859730e+0
 8.0073632540e+0
 7.7534754980e+0
 7.8066059550e+0
 8.3793542170e+0
 8.2151814750e+0
 9.1959491710e+0
 8.4742679520e+0
 8.6299198240e+0
 1.0106582290e+1
 7.1825824490e+0
 8.0203126140e+0
 7.8894141770e+0
 6.8778758120e+0
 7.8448205880e+0
 8.1575534590e+0
 7.5129568050e+0
 7.9645541640e+0
 7.6901649350e+0
 7.9778970690e+0
 9.2571023450e+0
 8.0051821290e+0
 7.6245048880e+0
 8.4494762370e+0
 9.1450585000e+0
 7.8040415000e+0
 6.9556109030e+0
 7.6702074560e+0
 8.2716097730e+0
 6.8004420130e+0
 7.9537891400e+0
 1.0658226710e+1
 7.7269836080e+0
 8.3034876440e+0
 8.5728240990e+0
 7.5244545990e+0
 7.6242823900e+0
 6.9432865410e+0
 7.9207817460e+0
 8.8897252800e+0
 6.7488017560e+0
 8.3396080940e+0
 6.6972546620e+0
 6.7044249750e+0
 7.9671082140e+0
 8.2765885050e+0
 7.9321145100e+0
 8.2566006090e+0
 7.4239369690e+0
 8.6093320790e+0
 6.3911298510e+0
 7.0626879290e+0
 9.7530082090e+0
 7.3770331220e+0
 7.4760677740e+0
 9.8719353900e+0
 8.3705717930e+0
 7.4157819370e+0
 8.0397854160e+0
 6.8677496950e+0
 6.9686960690e+0
 9.0206624550e+0
 6.1047535240e+0
 9.1163383090e+0
 7.8940259250e+0
 8.6979264560e+0
 7.2907818760e+0
 7.7174669260e+0
 8.3331246310e+0
 7.6619879320e+0
 8.0553108220e+0
 7.6011498170e+0
 7.9984438700e+0
 9.9877574730e+0
 7.1719224720e+0
 8.8538937190e+0
 9.3636765950e+0
 7.3844469020e+0
 7.0597808220e+0
 8.2130836160e+0
 9.4042221040e+0
 6.7045888050e+0
 8.0845478430e+0
 9.0637943540e+0
 1.0231952490e+1
 5.7733253250e+0
 7.8197339400e+0
 8.0448753490e+0
 8.8912021520e+0
 8.8987323220e+0
 7.1688575450e+0
 7.8974207530e+0
 8.5362379290e+0
 7.0981436620e+0
 7.2289165640e+0
 8.2501321290e+0
 8.0186920300e+0
 6.1290386350e+0
 8.0358590660e+0
 7.7828484350e+0
 7.3231299170e+0
 7.0386668250e+0
 6.1903276380e+0
 7.5836328380e+0
 8.2252637800e+0
 7.6714956620e+0
 9.5437901110e+0
 9.5005535280e+0
 6.8242195000e+0
 8.1865731940e+0
 7.5938929310e+0
 7.7662235490e+0
 7.4647725130e+0
 7.8006107710e+0
 8.6243572010e+0
 7.0824439130e+0
 8.2792668360e+0
 9.7965888490e+0
 8.6392572990e+0
 1.0384778390e+1
 6.5640570190e+0
 8.5594648790e+0
 7.1526871770e+0
 7.1014898110e+0
 7.2278640180e+0
 7.9855866690e+0
 7.5880929760e+0
 6.8802186920e+0
 8.5600177710e+0
 7.4910954880e+0
 6.9465610080e+0
 7.0240727600e+0
 8.4308791400e+0
 7.9165176790e+0
 8.0154668570e+0
 8.5868931230e+0
 8.8495686230e+0
 7.9618672760e+0
 6.8213853890e+0
 7.6534022720e+0
 7.4182581460e+0
 8.6563726100e+0
 9.0324373520e+0
 8.4979621780e+0
 9.4990664370e+0
 9.0736864280e+0
 9.2054235290e+0
 7.7208930680e+0
 8.7140988950e+0
 8.3693310230e+0
 7.9587034930e+0
 5.8004812040e+0
 8.0984228640e+0
 7.0998310280e+0
 8.7109068070e+0
 6.5382282280e+0
 8.5140311180e+0
 7.8804347240e+0
 8.5348013860e+0
 9.3181766310e+0
 8.8583018030e+0
 6.2919556010e+0
 8.2082113770e+0
 8.1819693650e+0
 6.6461724610e+0
 7.5109429390e+0
 8.1883818630e+0
 7.8694560430e+0
 6.5254098680e+0
 9.4128615340e+0
 9.3940032350e+0
 7.3644462830e+0
 8.7222414400e+0
 8.8977520480e+0
 9.0582479990e+0
 9.9243503700e+0
 8.9539170890e+0
 9.0606396050e+0
 7.7919404640e+0
 6.7215209870e+0
 6.9988064370e+0
 6.5334447360e+0
 8.0233407730e+0
 7.7637570040e+0
 7.6246139850e+0
 8.4070652210e+0
 8.1251498190e+0
 8.6750817430e+0
 9.4746019810e+0
 8.4876714310e+0
 8.3499349550e+0
 7.2275242400e+0
 8.1279461260e+0
 8.0368897080e+0
 8.2961689310e+0
 8.2187725600e+0
 7.2634015400e+0
 7.5868047510e+0
 7.3571795070e+0
 8.3636770800e+0
 9.3570203470e+0
 9.2248938890e+0
 8.1581037810e+0
 8.8938387720e+0
 9.2679073060e+0
 7.4295135050e+0
 7.6989117570e+0
 7.0290229950e+0
 1.0269091620e+1
 7.3186703240e+0
 7.6949095840e+0
 7.8478696080e+0
 6.9825003340e+0
 9.1446662700e+0
 7.8719420620e+0
 7.5700255170e+0
 8.3678935930e+0
 6.8082834210e+0
 9.5828475570e+0
 8.2881925590e+0
 9.8402283570e+0
 7.1108890170e+0
 8.5947038640e+0
 6.9098079470e+0
 7.2006258710e+0
 7.7919234970e+0
 7.4594233730e+0
 7.5303660760e+0
 6.8809279750e+0
 8.0634793190e+0
 7.8500939060e+0
 7.6176692440e+0
 6.8604983640e+0
 8.6134927810e+0
 7.1168934170e+0
 7.2866058360e+0
 8.5871642840e+0
 9.2484451660e+0
 6.9574335420e+0
 7.3884085790e+0
 9.7506118390e+0
 8.2748924390e+0
 7.3145230540e+0
 7.1702352660e+0
 9.3105551090e+0
 7.0068879030e+0
 8.8569295190e+0
 8.2098360990e+0
 1.0360141270e+1
 6.6505712110e+0
 8.7146205140e+0
 9.3156623660e+0
 6.9829239910e+0
 9.2606278370e+0
 6.5702396970e+0
 7.4422521390e+0
 7.1659706820e+0
 7.7013885630e+0
 7.4645749570e+0
 9.6680873700e+0
 7.5229002150e+0
 8.9053637400e+0
 7.0726453310e+0
 7.3502523530e+0
 7.9545922470e+0
 8.1417670610e+0
 8.2826835500e+0
 8.8062886450e+0
 9.1838429000e+0
 7.7655941210e+0
 9.6300843910e+0
 8.9657817380e+0
 8.0733378690e+0
 8.3347166680e+0
 8.4864455940e+0
 9.5834444280e+0
 8.8005018610e+0
 8.0540991130e+0
 8.6909029930e+0
 8.8840287990e+0
 9.3122855380e+0
 6.9598159200e+0
 6.6478217600e+0
 8.3922503490e+0
 8.2047080490e+0
 8.2913230860e+0
 7.8339150520e+0
 9.5383475360e+0
 8.0868692590e+0
 9.5549881050e+0
 1.0095301690e+1
 5.9383011840e+0
 8.9087113980e+0
 8.4530138720e+0
 7.9013020980e+0
 7.4794354560e+0
 7.9408688550e+0
 6.9321923040e+0
 8.4637207100e+0
 6.4529249640e+0
 7.9687831300e+0
 6.4464936010e+0
 8.1267213170e+0
 7.8888376710e+0
 7.1270590410e+0
 8.9169943010e+0
 9.0614829000e+0
 7.4684426050e+0
 9.4589969550e+0
 9.0811249370e+0
 8.6049676320e+0
 7.5120980150e+0
 7.6773660730e+0
 8.9569012200e+0
 8.7025736250e+0
 7.3916110700e+0
 1.0033564400e+1
 9.1029077920e+0
 6.9729815130e+0
 7.0323691520e+0
 9.2340103150e+0
 7.3355987160e+0
 6.8581090260e+0
 7.3453383210e+0
 6.4557062410e+0
 7.5709458060e+0
 8.6346199560e+0
 8.9462329390e+0
 9.2085253360e+0
 6.6496983220e+0
 7.3907891120e+0
 7.8981783320e+0
 6.8239473310e+0
 9.5287074640e+0
 8.9105112480e+0
 7.9573769280e+0
 9.3613717200e+0
 7.7050556190e+0
 8.9264640530e+0
 8.4019585530e+0
 7.8088685260e+0
 7.8903437380e+0
 6.4423956270e+0
 7.4959719670e+0
 9.0731961860e+0
 7.9451448450e+0
 8.1579240950e+0
 7.0606063420e+0
 7.9527279040e+0
 8.1326894620e+0
 8.9537759000e+0
 1.0090003150e+1
 8.5536826790e+0
 8.4727163820e+0
 8.0370027430e+0
 6.6001797680e+0
 7.9828842160e+0
 8.0427022170e+0
 7.9699781950e+0
 6.7462328300e+0
 8.1297046320e+0
 6.8466726930e+0
 6.5315136920e+0
 7.2878131350e+0
 8.0755035710e+0
 8.0793059900e+0
 8.5162805090e+0
 7.3207678500e+0
 8.0079569430e+0
 9.7504638600e+0
 7.7052207570e+0
 8.0839159950e+0
 9.1540486900e+0
 8.9159393660e+0
 9.0139402670e+0
 7.6613554540e+0
 9.3074595120e+0
 6.3952993160e+0
 8.9630538310e+0
 8.4659967130e+0
 7.0934880150e+0
 8.2513449990e+0
 9.2205543140e+0
 7.2442412520e+0
 8.8393237920e+0
 8.7197129380e+0
 6.9564997070e+0
 7.3703890990e+0
 6.7389465860e+0
 7.6162992720e+0
 8.6558358690e+0
 6.6745373080e+0
 7.8104009250e+0
 8.2691473210e+0
 8.1163587500e+0
 7.9712567950e+0
 8.9244686720e+0
 7.2481136080e+0
 9.7568524830e+0
 9.6945857240e+0
 8.2529522760e+0
 7.4520340050e+0
 7.8114976160e+0
 7.4506754030e+0
 8.9103666420e+0
 8.5324026740e+0
 7.4131772850e+0
 8.3007182200e+0
 8.6527124210e+0
 6.5164199720e+0
 7.9674532220e+0
 8.2623281610e+0
 8.3765434680e+0
 8.2176810070e+0
 9.3950649500e+0
 7.0877154640e+0
 9.9468975230e+0
 8.3326643960e+0
 5.9875719290e+0
 8.1529417200e+0
 7.2107165280e+0
 8.0229138290e+0
 8.4651260080e+0
 6.0169159270e+0
 7.9291002100e+0
 7.7837916540e+0
 8.9112383760e+0
 7.4422409790e+0
 8.3737727220e+0
 7.6151583710e+0
 9.4347716010e+0
 8.8962079580e+0
 8.8185665010e+0
 8.1111513330e+0
 7.1549555490e+0
 7.7375500070e+0
 8.1135409030e+0
 9.2126080510e+0
 8.7931155260e+0
 8.0716227620e+0
 7.5851808010e+0
 8.8878038260e+0
 6.4055532890e+0
 8.8745094570e+0
 7.7605461100e+0
 9.1806043440e+0
 8.5933702760e+0
 8.5169446220e+0
 7.1510701140e+0
 7.4022303460e+0
 8.4662466720e+0
 8.0991807710e+0
 9.0419474490e+0
 9.2775011580e+0
 7.6168058390e+0
 6.7846297660e+0
 7.8840806140e+0
 6.9487527680e+0
 7.8997768370e+0
 7.0708283980e+0
 7.7729445510e+0
 9.0899719370e+0
 9.4722524510e+0
 8.9086563340e+0
 8.2769725650e+0
 8.7011864090e+0
 8.2872384080e+0
 9.1479937250e+0
 8.7331052870e+0
 6.9482365320e+0
 6.5229532420e+0
 8.4944791630e+0
 8.2718611430e+0
 8.9430848610e+0
 9.3258246790e+0
 8.4679085020e+0
 8.9222656930e+0
 8.1093473540e+0
 7.6018465510e+0
 9.0707284190e+0
 6.0486937430e+0
 4.8459498220e+0
 7.3685895620e+0
 8.5980412050e+0
 7.2183821650e+0
 8.7807891650e+0
 7.7546471570e+0
 8.5916249020e+0
 7.6165172950e+0
 7.5743436450e+0
 9.0791060280e+0
 1.0014644790e+1
 7.6381347080e+0
 9.2733128120e+0
 7.6837244550e+0
 7.7526214040e+0
 9.5127556240e+0
 9.4542619490e+0
 8.2825017190e+0
 9.3318680380e+0
 6.7946980050e+0
 8.9015065340e+0
 7.5579395120e+0
 8.7812257800e+0
 7.7122624600e+0
 8.8132219340e+0
 8.0665958260e+0
 6.6639092860e+0
 8.3475676240e+0
 9.2417487090e+0
 8.8637530780e+0
 7.7090780620e+0
 9.1967586040e+0
 7.0737739020e+0
 8.3298554860e+0
 8.0455098120e+0
 9.3669158450e+0
 8.2393428590e+0
 7.2087304210e+0
 8.0970494270e+0
 7.7450875340e+0
 7.3998895290e+0
 8.0380567080e+0
 7.4221619500e+0
 8.7916948950e+0
 7.8600099390e+0
 7.8740526350e+0
 6.2690939170e+0
 9.5140938000e+0
 9.3792158480e+0
 7.7613557420e+0
 8.4750456210e+0
 6.7320024040e+0
 7.7869050610e+0
 6.7414372310e+0
 7.2317226190e+0
 8.6328342100e+0
 6.3783540670e+0
 8.3589642470e+0
 8.7031385620e+0
 7.7740541920e+0
 7.3202682720e+0
 6.6186160370e+0
 7.3844263530e+0
 7.4636701030e+0
 6.5669057450e+0
 7.8597195130e+0
 6.7214292460e+0
 7.1572821180e+0
 7.7739148560e+0
 8.7234456730e+0
 7.6025004780e+0
 8.3045869830e+0
 7.0122248860e+0
 8.2723480970e+0
 8.0502768260e+0
 8.6087141800e+0
 8.3598441930e+0
 7.8426989220e+0
 7.0955627680e+0
 6.2355269510e+0
 8.3767305280e+0
 8.1291590470e+0
 9.0730111880e+0
 9.9214197820e+0
 8.0631253040e+0
 7.5892323810e+0
 8.3640054580e+0
 8.7338396290e+0
 8.5175640380e+0
 7.3753879980e+0
 7.4794496030e+0
 7.2779234940e+0
 8.2161381730e+0
 9.2368001930e+0
 6.6560477440e+0
 6.0667442880e+0
 8.2184107840e+0
 8.3516363050e+0
 8.5991018160e+0
 8.5009675440e+0
 7.3264535730e+0
 8.0411331040e+0
 8.3285890320e+0
 7.7940989710e+0
 8.0230716390e+0
 8.0741712240e+0
 5.9061244880e+0
 7.4578713950e+0
 9.1830227710e+0
 9.2972133600e+0
 6.5339773260e+0
 8.9709935190e+0
 8.7703331940e+0
 8.8755943980e+0
 6.9901348720e+0
 6.5278618500e+0
 9.6592853030e+0
 7.6635139910e+0
 7.1226724200e+0
 7.7355128800e+0
 7.0995619890e+0
 8.3382208460e+0
 9.9436167800e+0
 9.3639786750e+0
 8.0600671920e+0
 6.4007181950e+0
 8.0286831240e+0
 7.9689174350e+0
 7.7429297100e+0
 8.4020899980e+0
 5.9845569400e+0
 7.4224388210e+0
 8.2923937000e+0
 7.3993974720e+0
 6.9554831120e+0
 7.0197733710e+0
 7.2634314140e+0
 8.7726459950e+0
 5.0776579650e+0
 8.8155992770e+0
 7.8162144210e+0
 9.8947511220e+0
 6.8123612650e+0
 7.5208246970e+0
 7.7047419620e+0
 8.3832365790e+0
 6.2827669320e+0
 7.2081250810e+0
 9.1909579750e+0
 7.0445867670e+0
 9.0925821940e+0
 6.0686929430e+0
 7.3414378380e+0
 7.6258544830e+0
 7.6254646820e+0
 7.9055873430e+0
 7.0919079910e+0
 9.4299120290e+0
 7.0876793390e+0
 7.9601959030e+0
 7.7339896170e+0
 7.7357027530e+0
 7.7826023180e+0
 8.7723878710e+0
 9.1572898140e+0
 6.3785449440e+0
 8.9667971370e+0
 8.5172174570e+0
 7.1967740380e+0
 7.7675371870e+0
 9.6125762000e+0
 8.4343188900e+0
 8.7409239800e+0
 7.9123864720e+0
 6.2588227540e+0
 6.0024130080e+0
 7.4084356820e+0
 8.6602522630e+0
 7.8919985100e+0
 7.1954702780e+0
 6.8893053050e+0
 8.6600054390e+0
 8.1902616420e+0
 7.7933955780e+0
 7.4381059260e+0
 8.6354674150e+0
 8.2979342200e+0
 8.3739704080e+0
 7.3258480240e+0
 8.5909477550e+0
 9.2546369620e+0
 8.7211306640e+0
 8.9074999480e+0
 9.0160702070e+0
 9.0261109170e+0
 7.6681625220e+0
 6.6186428040e+0
 7.9819188090e+0
 7.9505113340e+0
 7.3930270150e+0
 8.7487033640e+0
 8.8822465260e+0
 7.0305306340e+0
 7.3936532590e+0
 6.2354599500e+0
 1.0207383650e+1
 8.1977835960e+0
 8.2969825020e+0
 7.1850371110e+0
 8.6586051310e+0
 8.1923034420e+0
 9.5285972070e+0
 6.0086229000e+0
 6.4594662290e+0
 7.6376713130e+0
 5.3323062150e+0
 7.8267208960e+0
 6.3677659580e+0
 8.7041215800e+0
 7.4187838670e+0
 8.4109466600e+0
 8.2959874170e+0
 1.0122869800e+1
 9.0763454370e+0
 8.2646746600e+0
 7.8679315920e+0
 9.7998819460e+0
 9.6962310860e+0
 9.5932542600e+0
 9.7020011410e+0
 6.7447658560e+0
 8.5084088340e+0
 9.1281248200e+0
 8.2118249410e+0
 8.3069438320e+0
 8.0667688440e+0
 7.0338684070e+0
 6.6556579080e+0
 8.7252611000e+0
 7.0884026830e+0
 7.3958349270e+0
 7.0436806350e+0
 6.9564851300e+0
 8.0086500220e+0
 8.2199595330e+0
 8.5310279190e+0
 1.0051281810e+1
 8.5678451870e+0
 7.1659444120e+0
 8.6400839540e+0
 8.3144730810e+0
 8.8200219810e+0
 6.5478930470e+0
 6.7854282230e+0
 6.6848077610e+0
 6.4443249940e+0
 8.2819852570e+0
 8.0078443880e+0
 9.3812148840e+0
 8.0734697410e+0
 7.8949273650e+0
 7.5706481290e+0
 9.2066619620e+0
 8.5817541670e+0
 8.3430874500e+0
 7.2711827370e+0
 6.7770958990e+0
 7.9173266770e+0
 7.8122888780e+0
 1.0005000180e+1
 7.7090578970e+0
 7.8379022050e+0
 6.9489322960e+0
 7.3359822610e+0
 8.5417588100e+0
 7.5700961740e+0
 7.0015209980e+0
 9.7391110140e+0
 7.9023815430e+0
 1.0060886010e+1
 8.0115993400e+0
 8.2101110360e+0
 7.9015268080e+0
 8.8634116760e+0
 7.9278602220e+0
 8.6090435140e+0
 8.0081888500e+0
 9.8361476050e+0
 8.2298832850e+0
 8.9719615570e+0
 7.0204965990e+0
 8.2667398050e+0
 8.1347949050e+0
 8.4018632510e+0
 7.8639716270e+0
 9.0468452540e+0
 6.5009696220e+0
 8.7503124520e+0
 7.6814505600e+0
 6.9246764180e+0
 9.0335612240e+0
 7.9931986390e+0
 8.3834206650e+0
 8.3801758650e+0
 9.9999506060e+0
 7.6881437080e+0
 6.9723004340e+0
 7.6909067290e+0
 6.9054260990e+0
 6.7485244580e+0
 7.4693046790e+0
 7.0164580080e+0
 6.8215978200e+0
 7.6323380890e+0
 7.5928313260e+0
 7.7114208160e+0
 9.2525905930e+0
 6.2650531060e+0
 1.0009980270e+1
 8.6588411670e+0
 8.4412240630e+0
 9.2076434360e+0
 9.0246100920e+0
 8.0304155190e+0
 8.0028020350e+0
 8.6218134770e+0
 6.0397796490e+0
 9.1838043270e+0
 7.8333872230e+0
 8.1880601320e+0
 8.0715670980e+0
 6.8009461280e+0
 9.1521208180e+0
 8.8657961990e+0
 6.8169206200e+0
 7.9897295890e+0
 7.0865137490e+0
 6.5474004710e+0
 8.4477434990e+0
 5.5491744270e+0
 8.5773719360e+0
 8.9656671420e+0
 7.6313818820e+0
 8.1298445090e+0
 7.6856052440e+0
 7.5498856750e+0
 8.2328129750e+0
 7.5994543940e+0
 8.1382820690e+0
 8.2513453740e+0
 6.4374177730e+0
 8.6275923160e+0
 6.5552252870e+0
 8.9564453490e+0
 8.7873323890e+0
 8.3446647660e+0
 8.2977340570e+0
 7.0480428130e+0
 6.3562873060e+0
 9.6241217730e+0
 7.3793024620e+0
 6.7548096070e+0
 7.7776267770e+0
 7.5213244740e+0
 8.2562915260e+0
 9.0711346160e+0
 8.8559108990e+0
 7.2143385490e+0
 7.6108181920e+0
 8.5396584660e+0
 7.1682515490e+0
 6.8454841030e+0
 6.7101707920e+0
 6.6090357830e+0
 8.8826351250e+0
 8.2926040940e+0
 6.2997010760e+0
 9.0721337070e+0
 8.8085861840e+0
 8.3920241470e+0
 9.1483940170e+0
 6.5872480100e+0
 7.5640596260e+0
 8.7243367930e+0
 1.1018313400e+1
 7.6758938620e+0
 7.7686241620e+0
 8.0861467810e+0
 8.7637254240e+0
 6.2728231010e+0
 7.8803495360e+0
 7.3135935970e+0
 9.4357785480e+0
 8.0805593080e+0
 7.5437210440e+0
 8.1585091040e+0
 6.6797408670e+0
 7.0213130550e+0
 8.0716885700e+0
 8.4609187540e+0
 8.5700505660e+0
 7.9717136100e+0
 7.7577743820e+0
 7.8707113230e+0
 1.0531214880e+1
 9.7232822700e+0
 6.9712072070e+0
 8.8872673820e+0
 9.0832125890e+0
 6.6288119900e+0
 8.4371216780e+0
 8.3566295270e+0
 9.7437149720e+0
 7.5227063450e+0
 7.9105475040e+0
 8.8293190100e+0
 6.9972265560e+0
 7.0509278830e+0
 7.2132675650e+0
 7.1955136390e+0
 8.6792586260e+0
 9.4126094400e+0
 8.8014498290e+0
 7.8391991890e+0
 7.6448696420e+0
 6.7718378400e+0
 8.3151851380e+0
 7.5759931690e+0
 8.2200945060e+0
 8.1387587380e+0
 6.3081865430e+0
 8.9705262890e+0
 7.9920883120e+0
 8.2070251780e+0
 7.7187545720e+0
 7.1271856450e+0
 6.3972746650e+0
 7.2766383650e+0
 8.1784677660e+0
 8.7349820020e+0
 7.9995557390e+0
 7.1725973180e+0
 7.4573310140e+0
 9.6392488710e+0
 6.0469953200e+0
 7.2668644030e+0
 7.6592742440e+0
 7.5143224890e+0
 1.0378193870e+1
 8.3130634620e+0
 7.5069750150e+0
 7.1994407120e+0
 7.5636108110e+0
 8.2456172400e+0
 6.4016630160e+0
 7.5700365750e+0
 7.4882903370e+0
 7.9640972430e+0
 8.5082795610e+0
 9.4028309190e+0
 7.9843001440e+0
 7.9663390660e+0
 8.7769320420e+0
 9.3767205300e+0
 6.4704101530e+0
 7.9710675170e+0
 8.5216663090e+0
 7.2991148110e+0
 8.6119996050e+0
 8.5863671980e+0
 8.5959977200e+0
 9.2206879460e+0
 8.1587718360e+0
 8.4057270630e+0
 9.2629317800e+0
 8.0232617680e+0
 7.0638804770e+0
 7.6942500320e+0
 7.8373614900e+0
 7.0304528420e+0
 7.4213071890e+0
 7.4359084680e+0
 8.2387402790e+0
 6.0359688900e+0
 8.4216931480e+0
 7.3516377190e+0
 1.0528948420e+1
 9.5044176300e+0
 6.1940630340e+0
 8.2976831370e+0
 6.8048214610e+0
 8.6400705380e+0
 8.1724286870e+0
 7.1119232500e+0
 7.7968439530e+0