6.2989222720e+0
 6.4966520810e+0
 7.3094780870e+0
 6.5164482530e+0
 4.8356192090e+0
 8.2361319970e+0
 5.1882392660e+0
 7.3344497010e+0
 6.5370707130e+0
 3.4293879300e+0
 7.8189176880e+0
 6.2391434860e+0
 6.0735165350e+0
 5.6136178510e+0
 6.0496763700e+0
 5.6790525340e+0
 5.7477234000e+0
 6.6093189190e+0
 5.3465207660e+0
 6.2248863740e+0
 6.0618867820e+0
 8.0384087400e+0
 6.1216514830e+0
 8.0822271200e+0
 5.4938533710e+0
 5.6698491630e+0
 6.5793724560e+0
 7.0712763880e+0
 4.3338261620e+0
 4.9617091530e+0
 5.6059139810e+0
 5.0797075930e+0
 6.2284413250e+0
 5.2194652860e+0
 6.4682184490e+0
 5.1291805260e+0
 6.3162716730e+0
 4.9257812900e+0
 7.3713642420e+0
 6.2511649760e+0
 6.0740617110e+0
 4.5171788400e+0
 6.7304026520e+0
 4.6034023590e+0
 4.9482942570e+0
 6.2936143560e+0
 5.5102179410e+0
 5.9017515760e+0
 6.7848798990e+0
 7.1524310100e+0
 5.6591450500e+0
 5.8022904730e+0
 5.3562288150e+0
 5.1985663530e+0
 5.9598941040e+0
 6.4731855330e+0
 3.4337199780e+0
 5.4348357530e+0
 8.0166156190e+0
 5.4932876640e+0
 5.1790184230e+0
 5.0445151330e+0
 6.6993170650e+0
 6.0192174750e+0
 6.0298335760e+0
 4.5191705200e+0
 6.7472731030e+0
 6.6620739310e+0
 4.2045275130e+0
 5.7295148820e+0
 6.9578624450e+0
 6.9276978450e+0
 6.5741485330e+0
 6.0363716250e+0
 6.0037728000e+0
 6.6484442130e+0
 4.7230932260e+0
 7.7375974480e+0
 6.0824601940e+0
 5.1968351150e+0
 5.4334624770e+0
 6.2549129720e+0
 7.8075404850e+0
 4.5975116890e+0
 6.7216842700e+0
 6.3461761550e+0
 3.0344591950e+0
 7.8820734590e+0
 6.9323209080e+0
 7.1067280400e+0
 5.7152689070e+0
 6.4271254180e+0
 5.2549712900e+0
 6.1156413750e+0
 5.6176783090e+0
 5.2801754510e+0
 5.8326555570e+0
 5.8872653800e+0
 3.1863133360e+0
 6.1065036880e+0
 4.1189719830e+0
 5.0430027350e+0
 6.0029196240e+0
 6.3259873530e+0
 4.8898704660e+0
 5.6189026160e+0
 5.6600569760e+0
 6.5992543410e+0
 3.1681725740e+0
 4.0509009980e+0
 4.9057945650e+0
 5.7531654360e+0
 7.0622101830e+0
 5.3597345120e+0
 6.5489130010e+0
 5.4437298400e+0
 6.4966413020e+0
 6.0484776190e+0
 4.8015220310e+0
 5.9354210090e+0
 8.2571953600e+0
 5.9678438510e+0
 7.1365859540e+0
 7.0378380570e+0
 4.7567598590e+0
 6.5736707300e+0
 7.3341226580e+0
 6.9292737930e+0
 7.4420387300e+0
 7.0420960750e+0
 5.3557334840e+0
 6.7427331310e+0
 4.2277963560e+0
 5.2714224910e+0
 7.3501719810e+0
 5.7070440220e+0
 4.5044261210e+0
 6.0968324530e+0
 5.2744533690e+0
 6.8874327870e+0
 8.3151501950e+0
 4.7128002770e+0
 6.2803212150e+0
 5.0391084390e+0
 3.8226864830e+0
 6.3286404690e+0
 6.1972941760e+0
 6.2239041740e+0
 4.6284782660e+0
 5.5185267730e+0
 5.4843379800e+0
 5.9660526900e+0
 5.6352210090e+0
 6.0746088980e+0
 5.3847767210e+0
 4.6714966560e+0
 4.0664074610e+0
 6.3868738390e+0
 6.8987335680e+0
 5.6416593740e+0
 6.8637182750e+0
 8.3292108260e+0
 6.0368981150e+0
 4.2870844380e+0
 5.1077373770e+0
 5.5833791540e+0
 5.6762221170e+0
 5.5614261640e+0
 7.0221529440e+0
 5.4350229230e+0
 5.4166788910e+0
 5.9909741380e+0
 6.9335281500e+0
 5.4715384970e+0
 3.4149354570e+0
 5.7005581230e+0
 5.5243659890e+0
 7.4974747570e+0
 5.4912627330e+0
 3.1589195680e+0
 8.1553407130e+0
 5.3820679960e+0
 6.2122909330e+0
 6.3791747780e+0
 6.4869826690e+0
 6.8010214490e+0
 4.2312968680e+0
 6.8326938280e+0
 6.4597932350e+0
 5.9717062460e+0
 5.5913203690e+0
 6.2093293410e+0
 5.9579071010e+0
 5.6682031350e+0
 7.8213766070e+0
 6.4851805350e+0
 5.7330198340e+0
 4.3399692040e+0
 5.1574125320e+0
 5.7280142720e+0
 6.8600257390e+0
 6.5771719420e+0
 4.3782319900e+0
 6.1452897010e+0
 5.0853084560e+0
 6.7762415640e+0
 5.4847732280e+0
 6.0248670840e+0
 6.0229761730e+0
 6.5379914240e+0
 5.6887759830e+0
 3.7731440650e+0
 4.6859753580e+0
 7.3260569930e+0
 5.5231034830e+0
 8.0077001970e+0
 6.4171234530e+0
 5.8105190560e+0
 5.9950541210e+0
 4.9694946410e+0
 5.1305986690e+0
 6.0317805410e+0
 4.1139677690e+0
 6.6772874700e+0
 6.9944546370e+0
 6.1864405530e+0
 6.8248610980e+0
 6.8847225350e+0
 6.3567332580e+0
 6.3560526030e+0
 6.8976589700e+0
 6.3917671310e+0
 5.3328033240e+0
 4.9632349800e+0
 6.9294630360e+0
 7.6640247300e+0
 7.0314537630e+0
 7.9820357530e+0
 5.3226645900e+0
 6.0097989710e+0
 5.8006576650e+0
 5.2609703520e+0
 6.0041852410e+0
 6.5580125800e+0
 4.2916461210e+0
 5.7688483680e+0
 6.4695309230e+0
 5.9742937760e+0
 4.9015895310e+0
 5.0550489970e+0
 6.3020937140e+0
 7.1057730110e+0
 6.0169946390e+0
 5.8428401180e+0
 6.8133855930e+0
 5.6688610380e+0
 7.4439068610e+0
 5.5172239880e+0
 5.2177405300e+0
 6.8444223700e+0
 5.3640094800e+0
 6.5493499500e+0
 5.6278763160e+0
 4.2614543640e+0
 6.4924524950e+0
 5.1118080520e+0
 5.6000228600e+0
 5.6034720050e+0
 5.3699713780e+0
 5.5085140080e+0
 6.8730569760e+0
 6.3836570800e+0
 6.6026994770e+0
 4.1121386590e+0
 4.6501838590e+0
 4.8392545640e+0
 6.1174081300e+0
 5.5081955990e+0
 6.5732496220e+0
 6.3073332930e+0
 5.7536178080e+0
 7.0323656560e+0
 5.6916144560e+0
 6.5766207930e+0
 7.3760828370e+0
 7.0524761020e+0
 6.8774552260e+0
 5.8024658160e+0
 7.7727402690e+0
 6.1094101860e+0
 5.8019709060e+0
 7.0884229930e+0
 5.8325370270e+0
 4.1500876360e+0
 6.7926688540e+0
 6.4260989380e+0
 6.5682678430e+0
 5.4219991110e+0
 4.9091687540e+0
 5.9389786860e+0
 6.2639701100e+0
 5.8131973550e+0
 4.7879615720e+0
 6.5244643750e+0
 5.1848299060e+0
 5.2197821870e+0
 5.9358219720e+0
 6.3511769380e+0
 5.3691511540e+0
 6.3142880430e+0
 4.5461175080e+0
 6.4447756810e+0
 6.4439362270e+0
 3.5830845020e+0
 6.6274379740e+0
 6.9158086210e+0
 6.1377826020e+0
 5.7222575260e+0
 5.9508735820e+0
 6.5561890740e+0
 7.3158253710e+0
 4.6168885230e+0
 6.3803603500e+0
 6.9542478120e+0
 4.8674814360e+0
 6.7542379710e+0
 6.0103979330e+0
 4.6631068880e+0
 5.1001186230e+0
 6.6666363800e+0
 6.3300641610e+0
 7.3333932170e+0
 6.6216015760e+0
 5.7389307010e+0
 4.1535037770e+0
 6.2826004660e+0
 6.4806975610e+0
 6.1921317560e+0
 7.3321839330e+0
 5.8179736500e+0
 6.4396080500e+0
 6.4376123910e+0
 6.4205246310e+0
 7.2577620840e+0
 6.7226877830e+0
 6.6000894940e+0
 7.0872678380e+0
 6.3699493740e+0
 5.7497199240e+0
 4.8656898640e+0
 7.5460318270e+0
 6.2999051550e+0
 5.1440202830e+0
 7.5242785370e+0
 7.2973286950e+0
 5.8749667420e+0
 4.9876351310e+0
 6.4956726030e+0
 7.0024804870e+0
 6.7015988500e+0
 5.6342628590e+0
 6.0979545920e+0
 6.3289720330e+0
 5.5483797870e+0
 7.0943040460e+0
 7.1552563270e+0
 4.7508357640e+0
 6.0356918800e+0
 5.2870436830e+0
 5.3199583110e+0
 5.6361509230e+0
 6.8766013090e+0
 6.6681448970e+0
 4.3049111290e+0
 7.2119856370e+0
 5.7401112980e+0
 6.1483620310e+0
 7.7247783800e+0
 4.6146547940e+0
 5.3151041940e+0
 6.5880759140e+0
 6.0765362760e+0
 6.2501803500e+0
 7.1620946800e+0
 6.1385824190e+0
 6.9758916270e+0
 7.5391103480e+0
 6.3191053220e+0
 6.1033104680e+0
 4.6869772650e+0
 4.8231168600e+0
 6.4385590920e+0
 7.6994656840e+0
 4.6215661570e+0
 6.9569559380e+0
 5.8373020580e+0
 6.2911141290e+0
 5.8660711960e+0
 4.8746023030e+0
 7.6953060320e+0
 6.5184854510e+0
 6.9005122450e+0
 4.7935773670e+0
 5.3386826560e+0
 4.9279507170e+0
 8.0851291400e+0
 5.9771409430e+0
 5.5496712420e+0
 4.2238803680e+0
 7.1220667590e+0
 3.7095487040e+0
 4.7464718040e+0
 6.1949471340e+0
 6.7141156350e+0
 6.7261262360e+0
 6.2472228310e+0
 5.5715506860e+0
 6.4022940330e+0
 4.8533921200e+0
 6.2044051530e+0
 3.7685217730e+0
 9.0372589320e+0
 6.1971954800e+0
 5.7895203280e+0
 4.5857246640e+0
 4.6121627450e+0
 6.0569268870e+0
 5.0681689660e+0
 5.6485418290e+0
 4.1532250190e+0
 5.1256393630e+0
 6.3762286820e+0
 5.0896197030e+0
 6.5207202550e+0
 5.3134133740e+0
 6.4892812370e+0
 6.5698324160e+0
 5.0270066520e+0
 5.7999513760e+0
 6.6301027220e+0
 7.4217893870e+0
 6.2351085620e+0
 7.0672750490e+0
 7.0116476740e+0
 7.1538558570e+0
 6.4573439180e+0
 7.1204810230e+0
 5.8477032490e+0
 5.8468974510e+0
 7.6327393790e+0
 6.2436072910e+0
 5.7496460250e+0
 6.5026870650e+0
 7.1123939380e+0
 7.7359386930e+0
 5.1421793410e+0
 4.7082956300e+0
 3.3870329490e+0
 5.5914323930e+0
 2.9222519960e+0
 5.6848823110e+0
 5.8351994190e+0
 5.9180840370e+0
 6.2404211340e+0
 6.1776687070e+0
 6.1947008440e+0
 4.2220131790e+0
 5.9814925910e+0
 5.8298772280e+0
 7.2764536990e+0
 7.7166689040e+0
 6.8451664260e+0
 6.8397672110e+0
 5.3231181260e+0
 6.3283710550e+0
 6.6032375150e+0
 7.4273133260e+0
 5.6189504440e+0
 3.2977051120e+0
 8.1001705050e+0
 2.3269321570e+0
 5.9772618790e+0
 6.5109554180e+0
 6.2097110460e+0
 6.3858355430e+0
 6.1937606210e+0
 6.2434407410e+0
 4.2913755390e+0
 5.0122852050e+0
 8.0280610270e+0
 5.5905399380e+0
 6.4895881900e+0
 7.1049222520e+0
 6.6758551230e+0
 6.5654622250e+0
 7.1095788710e+0
 6.6073082670e+0
 6.4514323810e+0
 6.5065567840e+0
 6.1739777990e+0
 4.5452694350e+0
 5.6931362850e+0
 5.7973582510e+0
 7.3727320580e+0
 6.0277450480e+0
 7.0165636000e+0
 4.9042059750e+0
 6.0333801240e+0
 6.4780555480e+0
 4.5101142910e+0
 3.3470663190e+0
 6.0165668230e+0
 6.3027548170e+0
 5.2756259780e+0
 6.5562299780e+0
 8.0397675140e+0
 5.8370216190e+0
 4.6025765250e+0
 6.7216392750e+0
 5.1557159030e+0
 5.4780154460e+0
 6.2226553130e+0
 6.0653681010e+0
 6.7484581660e+0
 6.9071334240e+0
 5.9101204840e+0
 4.3816800680e+0
 6.0204890420e+0
 5.3520142890e+0
 6.4841536590e+0
 4.2489630880e+0
 6.0116268260e+0
 5.2498455510e+0
 4.2386045270e+0
 5.3436004170e+0
 5.9287803430e+0
 5.3719361210e+0
 4.1643088880e+0
 5.0201838460e+0
 5.8139773940e+0
 5.4679516700e+0
 5.2700827490e+0
 6.4505212830e+0
 6.0412736660e+0
 6.8203024510e+0
 7.3917959800e+0
 5.6392729280e+0
 5.1806804130e+0
 4.4687099970e+0
 6.3209132960e+0
 5.8129223990e+0
 6.7644193390e+0
 5.0447303830e+0
 5.9887907390e+0
 3.7337239800e+0
 7.3909042170e+0
 6.2227288750e+0
 6.6770323400e+0
 5.7565846410e+0
 5.4150173690e+0
 5.2201892810e+0
 5.2032497770e+0
 5.9720259340e+0
 6.5747842770e+0
 6.8848141140e+0
 8.3901309040e+0
 5.8968336070e+0
 7.7449949810e+0
 5.3840000580e+0
 6.9230680110e+0
 4.7807358970e+0
 6.4165462970e+0
 5.7526598460e+0
 3.4132415990e+0
 6.0592248980e+0
 5.7421224050e+0
 6.2662551550e+0
 5.3817177870e+0
 5.4716424410e+0
 5.8385891300e+0
 6.8308577990e+0
 4.9516075930e+0
 5.6406000300e+0
 7.0485137950e+0
 6.5199873310e+0
 7.0949005830e+0
 5.9279778800e+0
 3.8189352250e+0
 5.0231460800e+0
 4.7209302400e+0
 5.1362571640e+0
 4.4550521100e+0
 6.2100617330e+0
 6.2765973480e+0
 5.5603684280e+0
 6.7695343700e+0
 6.1728252360e+0
 4.6766605950e+0
 6.9924414670e+0
 6.1795554740e+0
 4.9026187140e+0
 6.1430817610e+0
 6.0183813560e+0
 5.7648938050e+0
 5.6417558420e+0
 6.5191483490e+0
 7.5345478040e+0
 5.4376362040e+0
 5.1299451740e+0
 3.9005707440e+0
 5.0092425210e+0
 4.7370665430e+0
 4.4434014620e+0
 5.4980304410e+0
 5.9982417620e+0
 6.3265108290e+0
 6.1810399640e+0
 6.0122260660e+0
 3.6997987780e+0
 4.5321692260e+0
 7.2101428420e+0
 5.5398797950e+0
 4.0915000740e+0
 6.3097165540e+0
 5.5270281620e+0
 4.9778501400e+0
 6.3213726680e+0
 5.6418260690e+0
 5.0146083150e+0
 6.9751876140e+0
 5.8138541740e+0
 6.4708299070e+0
 7.1956364690e+0
 5.3235867360e+0
 4.7721600460e+0
 4.6272673220e+0
 6.9739425900e+0
 6.4644332650e+0
 5.8254928170e+0
 5.9173628350e+0
 6.4923426590e+0
 5.1746928230e+0
 5.8557596680e+0
 6.2437604590e+0
 6.0644061290e+0
 4.8062042120e+0
 6.5726515080e+0
 6.1957586480e+0
 5.1287778260e+0
 5.4267300050e+0
 4.7110167980e+0
 6.9710101610e+0
 5.5147567760e+0
 6.5520164180e+0
 6.0241342860e+0
 4.8822304670e+0
 5.5077786840e+0
 5.0506922540e+0
 6.2703487800e+0
 6.3832201560e+0
 4.8104714940e+0
 6.5033365070e+0
 7.7465273180e+0
 5.3311182030e+0
 5.3723903090e+0
 4.9812241020e+0
 5.2321169790e+0
 5.2589165940e+0
 4.8751212180e+0
 7.1771009050e+0
 3.6027094940e+0
 5.7477899260e+0
 5.8175992950e+0
 5.9114155010e+0
 7.6233753790e+0
 5.1044731270e+0
 3.6214631310e+0
 6.4493081710e+0
 5.1717919720e+0
 4.5508676300e+0
 5.8353116470e+0
 7.2744602440e+0
 4.9547811220e+0
 6.4751420220e+0
 4.4083297290e+0
 7.2647809350e+0
 6.9798741270e+0
 4.4297925820e+0
 6.9662152980e+0
 7.1213851860e+0
 6.6300838640e+0
 5.5901239580e+0
 7.6787988460e+0
 6.0970718970e+0
 6.2225839530e+0
 6.1469116820e+0
 5.0054791360e+0
 3.8018691030e+0
 7.2235716520e+0
 7.0055524520e+0
 6.9330947960e+0
 7.0461883830e+0
 6.8826122050e+0
 6.2621235770e+0
 6.4020629920e+0
 7.0166935840e+0
 6.9880313350e+0
 5.0178385370e+0
 4.9849335300e+0
 4.9419839580e+0
 4.6452907810e+0
 6.9912789330e+0
 5.2159052470e+0
 6.3698293750e+0
 6.8155339980e+0
 6.9228727160e+0
 6.1692055770e+0
 6.1825562030e+0
 6.8432693820e+0
 7.3842207720e+0
 7.0241470170e+0
 7.1471746840e+0
 6.7607449310e+0
 7.4361876710e+0
 5.6472888800e+0
 6.6512127960e+0
 7.2057549920e+0
 6.4277307350e+0
 6.2233183040e+0
 4.9984082930e+0
 4.5581311520e+0
 5.7643108280e+0
 4.4266566790e+0
 3.7990716920e+0
 5.7451449600e+0
 7.1484342780e+0
 5.4829043720e+0
 5.0376955100e+0
 6.4568347050e+0
 7.7117296160e+0
 6.1445086580e+0
 6.0628887610e+0
 6.1709630100e+0
 5.3842693790e+0
 7.3051887480e+0
 6.0283094580e+0
 5.7872096580e+0
 6.7298850760e+0
 6.3130448790e+0
 5.6902921100e+0
 5.9199253360e+0
 4.3812792620e+0
 5.8469384490e+0
 5.8297496710e+0
 4.6833357680e+0
 6.3193529960e+0
 6.4120146990e+0
 8.2950930300e+0
 6.9025110840e+0
 7.2373346060e+0
 5.3829234120e+0
 7.3913638150e+0
 6.2264665690e+0
 6.5156962750e+0
 7.4934362070e+0
 5.1031559450e+0
 6.9098008810e+0
 4.1655563570e+0
 4.7717044110e+0
 5.9229810230e+0
 6.7304975340e+0
 6.1766398240e+0
 7.2761113400e+0
 7.1137251220e+0
 6.7575436250e+0
 7.5395231630e+0
 6.9450931040e+0
 8.8806749860e+0
 7.6316718740e+0
 5.7160525510e+0
 7.7339413670e+0
 6.3771963900e+0
 7.4448144360e+0
 7.4456160530e+0
 5.5391036630e+0
 5.0223768650e+0
 5.5567910160e+0
 5.8704624480e+0
 8.0658889280e+0
 8.1695175650e+0
 6.5426255110e+0
 5.0687820370e+0
 6.8174428420e+0
 6.5883532560e+0
 6.5545180420e+0
 6.3047444400e+0
 5.2758233470e+0
 7.8328912400e+0
 6.6974905060e+0
 5.4441813480e+0
 6.0674900350e+0
 6.2765890090e+0
 5.9947054580e+0
 5.0492147060e+0
 5.4267053840e+0
 6.6875347230e+0
 5.0263494940e+0
 5.3038112300e+0
 5.1166585060e+0
 5.8998311830e+0
 6.4872711570e+0
 5.2087167590e+0
 4.6546546160e+0
 7.8016602440e+0
 8.5670063280e+0
 5.4213809570e+0
 7.2523976300e+0
 4.2261478720e+0
 6.4628465420e+0
 8.0722185630e+0
 5.8494131420e+0
 6.2731861770e+0
 5.3186618380e+0
 4.9538900140e+0
 5.9926923720e+0
 5.2999637790e+0
 6.4858563600e+0
 5.9133240540e+0
 5.3847120120e+0
 6.0651386950e+0
 5.7553705270e+0
 6.4383080940e+0
 6.2826803690e+0
 6.4861619920e+0
 3.1935588170e+0
 6.0639033050e+0
 5.5921274330e+0
 6.6770938800e+0
 7.4418318470e+0
 6.9653452130e+0
 6.0478144180e+0
 5.4668042960e+0
 8.2166763140e+0
 6.4454211110e+0
 6.4018378860e+0
 6.5264578910e+0
 5.7793984660e+0
 6.0172788470e+0
 5.6048553780e+0
 5.2402622910e+0
 6.0507501950e+0
 5.9309000980e+0
 5.6048904790e+0
 5.8147483240e+0
 6.0369702430e+0
 6.7282042270e+0
 6.0854050670e+0
 5.9023811720e+0
 5.8092884010e+0
 5.4422980030e+0
 5.3420590350e+0
 5.6643189950e+0
 7.0952968130e+0
 5.8637202260e+0
 6.5478512980e+0
 5.0213575270e+0
 5.0853865110e+0
 5.6635764750e+0
 4.4099606330e+0
 7.6149985530e+0
 5.9526291710e+0
 8.0379345920e+0
 5.5710529750e+0
 6.0631205010e+0
 7.2555936730e+0
 5.4259254610e+0
 7.4052273990e+0
 5.8659947540e+0
 4.7835510210e+0
 4.9862562050e+0
 7.7635049410e+0
 8.1705828320e+0
 7.7151908930e+0
 6.6097879150e+0
 7.8908055240e+0
 5.4890155550e+0
 7.4791533440e+0
 5.9929752570e+0
 7.6220305000e+0
 6.7950195680e+0
 6.2371816530e+0
 4.4614708860e+0
 3.8802585060e+0
 5.6012896790e+0
 7.2627439790e+0
 6.0716171650e+0
 5.5188577190e+0
 5.1790278270e+0
 5.7329909160e+0
 6.1418740170e+0
 7.3744620740e+0
 5.8806525280e+0
 4.3147444720e+0
 5.8210783220e+0
 5.1616838370e+0
 5.0523415020e+0
 7.2858287570e+0
 4.5401114570e+0
 7.2303808660e+0
 3.7134514530e+0
 5.8675467640e+0
 5.9942458280e+0
 6.4913080270e+0
 7.9921204020e+0
 5.5965669500e+0
 6.6233934270e+0
 5.5424192710e+0
 6.7105170620e+0
 5.2252863470e+0
 6.1805255240e+0
 3.4354412400e+0
 6.7112427840e+0
 5.4585326760e+0
 6.2244561480e+0
 7.5353309500e+0
 7.4357624760e+0
 5.5384835760e+0
 6.6885347580e+0
 5.7204742490e+0
 7.2182567790e+0
 6.3860715300e+0
 6.9061285680e+0
 4.7701415570e+0
 5.9710306980e+0
 8.3048668200e+0
 5.7965842860e+0
 4.8926514050e+0
 5.4207739460e+0
 4.4774519860e+0
 5.5641475780e+0
 4.5929792930e+0
 7.0175077040e+0
 7.0274094490e+0
 4.0700946340e+0
 6.8873150510e+0
 6.3143365470e+0
 6.9585136960e+0
 6.5574398400e+0
 5.0284472800e+0
 4.6875927900e+0
 7.0371485180e+0
 7.0408166290e+0
 6.4993366710e+0
 5.9285349510e+0
 4.2228755870e+0
 7.5068835290e+0
 6.5856613440e+0
 5.2384511760e+0
 6.2044752170e+0
 4.7870756940e+0
 6.5436473300e+0
 3.7458748830e+0
 6.3951523540e+0
 4.6000827370e+0
 5.1916645090e+0
 5.5950356660e+0
 5.4265882400e+0
 5.8455500960e+0
 5.8832583010e+0
 4.8339152860e+0
 6.5303454240e+0
 4.8657938030e+0
 5.9985075620e+0
 6.1928831320e+0
 6.6657726450e+0
 7.1125780610e+0
 5.5708866530e+0
 6.8607533910e+0
 5.8225606160e+0
 5.1498548770e+0
 7.6129250120e+0
 5.3775561620e+0
 5.2131691440e+0
 5.8766018570e+0
 5.7531594790e+0
 6.7095000620e+0
 5.9861899190e+0
 5.8277650510e+0
 6.2200645060e+0
 6.4608383060e+0
 5.4587904900e+0
 6.9899347200e+0
 4.8698523620e+0
 6.0753174810e+0
 4.7587711490e+0
 5.6626285150e+0
 6.6379194350e+0
 7.3030157420e+0
 4.8085200440e+0
 5.7764317860e+0
 5.2623639540e+0
 7.0971241800e+0
 5.8248935280e+0
 4.3614479370e+0
 7.3083574390e+0
 6.0040983690e+0
 6.2888687060e+0
 4.0121808980e+0
 7.5295462700e+0
 8.6235409320e+0
 5.3298916340e+0
 4.4697060650e+0
 5.8559955740e+0
 5.4594088030e+0
 6.9189808090e+0
 3.9377926320e+0
 6.5413170120e+0
 5.9407179350e+0
 6.9500954470e+0
 4.9864256240e+0
 4.5005505860e+0
 6.4129190860e+0
 2.6881419890e+0
 5.3097503930e+0
 5.7315025590e+0
 6.8788797040e+0
 6.5703680160e+0
 6.9168578910e+0
 5.7087145580e+0
 5.4207583430e+0
 5.9569616870e+0
 5.7609632970e+0
 6.3218121200e+0
 5.1005994220e+0
 5.9931315410e+0
 4.8462214460e+0
 5.4087166150e+0
 7.2856941920e+0
 4.6346640830e+0
 5.2337291180e+0
 5.3640557540e+0
 7.0400825670e+0
 5.4493261750e+0
 3.4987783700e+0
 6.1725295500e+0
 5.2338568420e+0
 3.4951293290e+0
 5.8495953680e+0
 7.4188231700e+0
 6.6005263510e+0
 4.8102726590e+0
 6.4330954720e+0
 7.4814364790e+0
 5.5289900490e+0
 6.0047375920e+0
 4.9029037530e+0
 4.1637503190e+0
 5.0906389980e+0
 5.9021493530e+0
 7.3201702130e+0
 6.1649871570e+0
 4.0935689000e+0
 4.9042463950e+0
 5.6216412610e+0
 7.9132668540e+0
 5.5197814690e+0
 5.3038108100e+0
 5.7330099600e+0
 5.4397969320e+0
 6.3135029260e+0
 5.9005528690e+0
 6.6600270730e+0
 5.4550290800e+0
 6.6002350650e+0
 4.8421288560e+0
 6.1192341270e+0
 5.2089972560e+0
 7.0843655720e+0
 7.0399034940e+0
 6.3798810500e+0
 5.5993616190e+0
 6.7245730850e+0
 5.0476417160e+0
 5.6110522960e+0
 5.9067174840e+0
 5.5814726890e+0
 7.3663698550e+0
 6.6671834110e+0
 5.1217386100e+0
 6.2277993290e+0
 6.6329877610e+0
 7.5414200670e+0
 6.3746148400e+0
 5.8188524890e+0
 5.2677398550e+0
 5.1667706100e+0
 6.0853087240e+0
 6.7044132330e+0
 4.6013552180e+0
 4.8154538900e+0
 5.7823725370e+0
 7.3832202770e+0
 5.8465510570e+0
 5.7670130820e+0
 7.0511291620e+0
 5.9192049730e+0
 7.3908153880e+0
 4.3137261200e+0
 6.5945989340e+0
 7.8003367140e+0
 5.9949674200e+0
 6.2524051790e+0
 5.4474271310e+0
 5.2612299780e+0
 6.1210216900e+0
 5.3602202750e+0
 4.6720608840e+0
 5.7031887940e+0
 6.3380984830e+0
 6.3974797860e+0
 6.3762784810e+0
 5.4150341870e+0
 5.5120788620e+0
 5.2098040640e+0
 4.8165447800e+0
 5.6001135150e+0
 6.1511094550e+0
 4.7384770010e+0
 6.5620160870e+0
 5.8193270400e+0
 6.2172762690e+0
 6.9917049560e+0
 7.4465797240e+0
 6.6743210350e+0
 5.0794456440e+0
 6.1152690320e+0
 5.7740437650e+0
 5.2307177680e+0
 6.0148167830e+0
 5.9840890540e+0
 4.9571937120e+0
 5.7176423740e+0
 5.3940732330e+0
 5.5891833500e+0
 5.2790576940e+0
 5.0557926100e+0
 8.9194230580e+0
 4.4891579940e+0
 7.2160656270e+0
 5.5857616840e+0
 6.6565614870e+0
 5.2276594930e+0
 5.4308915150e+0
 4.9171756570e+0
 3.7422900560e+0
 6.8431902610e+0
 6.6535603570e+0
 5.5768786450e+0
 6.5249091330e+0
 5.4319597650e+0
 3.9454508120e+0
 8.8609986870e+0
 5.7394055380e+0
 5.9455069540e+0
 4.8299596660e+0
 6.1126451880e+0
 7.0431543600e+0
 5.2194367200e+0
 5.9094375080e+0
 6.9620046740e+0
 5.8817473850e+0
 4.8002689020e+0
 5.1031861700e+0
 6.1298589120e+0
 5.5321662340e+0
 6.7448398670e+0
 5.5084631670e+0
 6.1185622770e+0
 5.2550440230e+0
 6.5389772430e+0
 4.8793681500e+0
 6.1136837140e+0
 5.4876490710e+0
 6.8635378810e+0
 6.5300715480e+0
 4.8558445260e+0
 5.5740922320e+0
 5.7846439630e+0
 5.7609312860e+0
 4.6871990180e+0
 4.4861893460e+0
 5.4200132240e+0
 5.9110559640e+0
 6.6421612750e+0
 6.3190601440e+0
 6.0690510920e+0
 6.0073841970e+0
 6.5249235320e+0
 6.2423619140e+0
 5.5821114620e+0
 5.7899268000e+0
 6.0320153570e+0
 6.4692598990e+0
 5.7549253200e+0
 7.6147615370e+0
 4.5651657590e+0
 6.3462778700e+0
 6.0765586390e+0
 6.5123726280e+0
 5.4111020990e+0
 6.8720021540e+0
 3.8436966630e+0
 6.2150046670e+0
 6.8331002810e+0
 6.0264594880e+0
 6.8690188910e+0
 5.7808055430e+0
 7.8962148890e+0
 4.9637053190e+0
 5.8584217400e+0
 6.7217480110e+0
 5.3757527400e+0
 5.9564278730e+0
 4.1434540050e+0
 6.6517105330e+0
 5.0135093470e+0
 6.9075339490e+0
 5.2827303940e+0
 7.5424493030e+0
 6.2699810680e+0
 6.7523695740e+0
 5.9608224590e+0
 6.3907191030e+0
 6.6389120750e+0
 7.0835683730e+0
 6.3623201070e+0
 4.7818771470e+0
 4.9869684830e+0
 6.5704346670e+0
 4.5369745390e+0
 6.3502776290e+0
 6.6994189600e+0
 5.5748068220e+0
 6.8212407160e+0
 8.0171590110e+0
 6.5537969760e+0
 7.8622814550e+0
 5.9095221200e+0
 6.1456959760e+0
 6.7760923020e+0
 5.0428817240e+0
 5.6523381770e+0
 5.6214426440e+0
 6.4713095530e+0
 6.8864605870e+0
 7.0315955130e+0
 5.0741629860e+0
 5.0316585510e+0
 6.5932054160e+0
 5.6320933670e+0
 5.7950064870e+0
 6.8882330610e+0
 6.8057920710e+0
 5.9903594460e+0
 6.0177169940e+0
 6.0938567370e+0
 6.0934112960e+0
 4.7780423130e+0
 5.7448517080e+0
 5.2795768980e+0
 4.4401259100e+0
 5.7078456120e+0
 7.1033709310e+0
 6.1757984910e+0
 6.7152768600e+0
 5.9608121910e+0
 6.7253045670e+0
 6.8682305060e+0
 7.1804595090e+0
 4.7939077160e+0
 5.4368196880e+0
 5.4798879830e+0
 7.2241615000e+0
 7.2229948810e+0
 6.6162436610e+0
 4.5863985070e+0
 7.2533412230e+0
 5.1478314910e+0
 6.0059952870e+0
 6.6519988780e+0
 4.6267471190e+0
 5.7105611230e+0
 6.9617889350e+0
 6.7085899810e+0
 5.7237575510e+0
 7.0127835550e+0
 5.1373422980e+0
 7.2427003680e+0
 5.5205186730e+0
 6.5789815240e+0
 5.6318387560e+0
 6.1743202550e+0
 7.0136962540e+0
 5.3985101580e+0
 4.5818688820e+0
 4.3350465460e+0
 6.8160935170e+0
 6.1210408470e+0
 7.0155413880e+0
 6.8426596470e+0
 5.3315644760e+0
 4.1556176860e+0
 6.4839066320e+0
 5.8213192500e+0
 5.9575706450e+0
 7.7604326350e+0
 6.0802752140e+0
 5.4412005720e+0
 4.7571823280e+0
 6.1160862760e+0
 5.8835418840e+0
 4.4950554160e+0
 5.2505139020e+0
 5.0551245000e+0
 4.8191346540e+0
 5.3688707950e+0
 5.6870068770e+0
 5.3839440800e+0
 5.7838073900e+0
 6.9338756370e+0
 4.4145468150e+0
 6.8401668610e+0
 7.1458397550e+0
 6.8770182080e+0
 4.7150747050e+0
 6.9772419800e+0
 7.1311522920e+0
 4.8107440770e+0
 7.3643962530e+0
 5.7558937960e+0
 6.2343097470e+0
 6.7806017780e+0
 3.6521947460e+0
 5.9990214690e+0
 6.3350264510e+0
 5.9083501300e+0
 5.1038645990e+0
 5.0519666440e+0
 5.7592251420e+0
 5.2274512910e+0
 7.2408368360e+0
 5.8454797390e+0
 5.9859266380e+0
 7.1063311100e+0
 7.9545401780e+0
 5.0574071910e+0
 7.2495794180e+0
 7.2308305130e+0
 7.9043262680e+0
 4.6729155980e+0
 5.5808391860e+0
 6.5113057910e+0
 7.4447014650e+0
 6.5463500860e+0
 6.8145259060e+0
 6.1083225320e+0
 6.3496066490e+0
 6.8183376500e+0
 5.4686457610e+0
 4.8308672280e+0
 5.9132382570e+0
 4.7928580690e+0
 6.6015001920e+0
 7.1395883790e+0
 6.8783957130e+0
 6.9591154310e+0
 6.8068110670e+0
 6.9552898440e+0
 5.2599847070e+0
 3.9666171760e+0
 7.8227049460e+0
 8.0135502010e+0
 5.4062971280e+0
 6.3886890790e+0
 5.3159281990e+0
 4.3490138050e+0
 5.5870779620e+0
 6.0337676960e+0
 4.8506278810e+0
 5.8542440590e+0
 5.9585741710e+0
 6.7567296630e+0
 6.4023691420e+0
 5.3061420770e+0
 4.7815295540e+0
 8.1870790420e+0
 6.1876440510e+0
 7.9250510770e+0
 3.5428624350e+0
 6.9842610210e+0
 5.8023342990e+0
 4.2332132660e+0
 5.5856012750e+0
 7.7391854320e+0
 3.1471149130e+0
 6.4237620470e+0
 6.2001107040e+0
 5.6875674170e+0
 6.3372161460e+0
 6.1744313710e+0
 8.3823832480e+0
 5.6792848300e+0
 7.8748266990e+0
 6.1807900990e+0
 6.0899486900e+0
 6.3117379630e+0
 6.7591019960e+0
 7.6921410570e+0
 4.5655786240e+0
 6.2563063160e+0
 7.1756694460e+0
 5.6904446850e+0
 6.8367917330e+0
 4.7527229260e+0
 5.5498329930e+0
 4.6510189260e+0
 5.5135700710e+0
 5.9347654570e+0
 5.4074809130e+0
 5.0510140300e+0
 6.1504614760e+0
 6.1469090720e+0
 5.6372228180e+0
 7.1241256550e+0
 6.0588022290e+0
 5.0153483950e+0
 5.8924229390e+0
 5.6612087150e+0
 7.3095880810e+0
 6.5231282430e+0
 6.3250181260e+0
 3.9800231600e+0
 5.6128340260e+0
 6.2565559050e+0
 7.7011304210e+0
 6.4289860390e+0
 6.0893682080e+0
 4.8129198970e+0
 5.5171004140e+0
 6.5438822890e+0
 9.3675456730e+0
 6.6907485720e+0
 5.2368132690e+0
 7.0239472990e+0
 6.2929108500e+0
 5.3916393370e+0
 7.3805974370e+0
 6.7298333750e+0
 7.0868481430e+0
 5.9623633480e+0
 6.3081326080e+0
 5.8161811920e+0
 7.1906701060e+0
 5.9039368540e+0
 6.8657354300e+0
 6.7872200650e+0
 6.4384884670e+0
 6.5648422290e+0
 4.8000311520e+0
 6.3315043040e+0
 5.8178851400e+0
 6.5570250750e+0
 4.7961513840e+0
 5.6524496590e+0
 7.4908032080e+0
 7.2276166010e+0
 5.9088056540e+0
 6.9084006300e+0
 5.4739241000e+0
 5.0627014670e+0
 7.0022301620e+0
 7.0859274630e+0
 5.6397933380e+0
 7.0750885710e+0
 6.5743978100e+0
 6.5155161470e+0
 7.1166449470e+0
 8.2760074900e+0
 7.7809275730e+0
 7.2384983360e+0
 6.9789746590e+0
 5.0487769220e+0
 4.8161568080e+0
 5.7438164660e+0
 5.9741212760e+0
 6.0844895130e+0
 5.1898853290e+0
 6.8786701140e+0
 6.6103350170e+0
 3.7599021130e+0