 1.4073799880e+1
 1.4460446770e+1
 1.3448994710e+1
 1.3432998120e+1
 1.5611785920e+1
 1.4844514480e+1
 1.3432114480e+1
 1.3035875550e+1
 1.4497452720e+1
 1.3670912370e+1
 1.4489297710e+1
 1.3765130510e+1
 1.4099335240e+1
 1.6644127710e+1
 1.2812778890e+1
 1.3317191590e+1
 1.3233983610e+1
 1.4815434860e+1
 1.5473084000e+1
 1.1821290030e+1
 1.4709013200e+1
 1.3631488590e+1
 1.3126320600e+1
 1.3365312610e+1
 1.3533119230e+1
 1.2347015760e+1
 1.3441712770e+1
 1.4304873580e+1
 1.4122863220e+1
 1.4608281590e+1
 1.4189776820e+1
 1.3468769350e+1
 1.6120587130e+1
 1.3540104790e+1
 1.4407864140e+1
 1.2924270010e+1
 1.3749266690e+1
 1.5697276330e+1
 1.5306200790e+1
 1.3478414280e+1
 1.4632455200e+1
 1.4763649810e+1
 1.4033040810e+1
 1.4922098070e+1
 1.3250215120e+1
 1.5151497880e+1
 1.4471249040e+1
 1.3900597140e+1
 1.2905228740e+1
 1.3612899250e+1
 1.2271201370e+1
 1.3335843410e+1
 1.4499141730e+1
 1.3422907680e+1
 1.5409541730e+1
 1.3894242180e+1
 1.3888058070e+1
 1.3848553650e+1
 1.1280332760e+1
 1.4203938800e+1
 1.5220943860e+1
 1.4206686440e+1
 1.5019559810e+1
 1.5738862600e+1
 1.4453776890e+1
 1.3233484620e+1
 1.2722128720e+1
 1.4158021400e+1
 1.3982725680e+1
 1.4697571960e+1
 1.3853850570e+1
 1.4127542430e+1
 1.3633264590e+1
 1.4814342370e+1
 1.5424555310e+1
 1.3712569180e+1
 1.3319304860e+1
 1.5347413750e+1
 1.5157248910e+1
 1.4614202710e+1
 1.3381898490e+1
 1.5721183870e+1
 1.3029457580e+1
 1.3205406720e+1
 1.3878974490e+1
 1.4425526680e+1
 1.5434421230e+1
 1.4809987320e+1
 1.4298302980e+1
 1.4807691260e+1
 1.4315430230e+1
 1.4192502400e+1
 1.5736415630e+1
 1.4016640760e+1
 1.3667553980e+1
 1.4293254440e+1
 1.2862201140e+1
 1.3968770500e+1
 1.5207816400e+1
 1.2965682580e+1
 1.2517363880e+1
 1.5035234540e+1
 1.3027023190e+1
 1.2514617260e+1
 1.3128278170e+1
 1.3725479050e+1
 1.4075380460e+1
 1.4265110860e+1
 1.3252944020e+1
 1.1976711820e+1
 1.3259774930e+1
 1.4385644260e+1
 1.4903803000e+1
 1.2040754830e+1
 1.4939368780e+1
 1.4331180450e+1
 1.4804263030e+1
 1.4877999670e+1
 1.3923977210e+1
 1.3142823390e+1
 1.5160955510e+1
 1.3569912550e+1
 1.4160729540e+1
 1.4296882600e+1
 1.3296726910e+1
 1.3171366320e+1
 1.3314465020e+1
 1.4657472310e+1
 1.3908184480e+1
 1.3785997020e+1
 1.5243341890e+1
 1.3413189820e+1
 1.3339630010e+1
 1.4515365710e+1
 1.2920095860e+1
 1.3934378210e+1
 1.3171375570e+1
 1.3861385740e+1
 1.4969114590e+1
 1.3994383790e+1
 1.4939313690e+1
 1.3937225030e+1
 1.5356754130e+1
 1.4944193740e+1
 1.4696784740e+1
 1.4533852750e+1
 1.4561515010e+1
 1.4454926550e+1
 1.4853681290e+1
 1.3346693240e+1
 1.3300919870e+1
 1.3007350740e+1
 1.1920859090e+1
 1.2828972010e+1
 1.3009609630e+1
 1.3697167410e+1
 1.0876954990e+1
 1.3791695190e+1
 1.4774066370e+1
 1.3896087820e+1
 1.3892579470e+1
 1.3011509750e+1
 1.2829340210e+1
 1.4310240200e+1
 1.4464215170e+1
 1.4859004280e+1
 1.4564080560e+1
 1.4556897690e+1
 1.5664098580e+1
 1.3956535110e+1
 1.3336019630e+1
 1.4947097610e+1
 1.4130625300e+1
 1.5736611090e+1
 1.3625432110e+1
 1.3095075210e+1
 1.4354056960e+1
 1.2475545510e+1
 1.3577017450e+1
 1.5112862070e+1
 1.5064652640e+1
 1.5421245070e+1
 1.3166795610e+1
 1.4764718640e+1
 1.4547077270e+1
 1.3713085670e+1
 1.2802372860e+1
 1.3590981340e+1
 1.5953180530e+1
 1.3216606640e+1
 1.2758474120e+1
 1.5556281480e+1
 1.3903218970e+1
 1.4631668030e+1
 1.4257768250e+1
 1.5259900180e+1
 1.3211886180e+1
 1.3982899120e+1
 1.2617006250e+1
 1.4395123360e+1
 1.3105711050e+1
 1.3292321490e+1
 1.4231613000e+1
 1.2750142660e+1
 1.4261967030e+1
 1.4621822970e+1
 1.3014926240e+1
 1.5119505290e+1
 1.2644779340e+1
 1.5838861060e+1
 1.4455985420e+1
 1.4080826290e+1
 1.2003231900e+1
 1.3870078440e+1
 1.3106566470e+1
 1.5042207120e+1
 1.5668520960e+1
 1.5828395480e+1
 1.4434058460e+1
 1.4089137220e+1
 1.4442007360e+1
 1.3702032970e+1
 1.4378482950e+1
 1.2556302040e+1
 1.4364495280e+1
 1.4754450780e+1
 1.2817830560e+1
 1.4912752820e+1
 1.5780178270e+1
 1.5588729680e+1
 1.5711862590e+1
 1.3137932310e+1
 1.3848826690e+1
 1.3501640080e+1
 1.3217946060e+1
 1.4782651530e+1
 1.3337945270e+1
 1.3683538790e+1
 1.4685298540e+1
 1.4366734380e+1
 1.6261145390e+1
 1.1519111950e+1
 1.4205038020e+1
 1.3509366730e+1
 1.3303612850e+1
 1.3216816200e+1
 1.3660570850e+1
 1.3743720890e+1
 1.4482290950e+1
 1.2830453460e+1
 1.4685400410e+1
 1.4624738180e+1
 1.2236475290e+1
 1.3213965650e+1
 1.3635881660e+1
 1.2714451190e+1
 1.3780941420e+1
 1.3006002620e+1
 1.4275341060e+1
 1.4572215280e+1
 1.3331896340e+1
 1.5129050340e+1
 1.2139904090e+1
 1.4714925360e+1
 1.3148992350e+1
 1.2309256130e+1
 1.3949155220e+1
 1.3080857370e+1
 1.5884940250e+1
 1.4686077540e+1
 1.4937344270e+1
 1.5998360460e+1
 1.3902407700e+1
 1.3666875150e+1
 1.2738698090e+1
 1.3369461550e+1
 1.3910786800e+1
 1.5941113170e+1
 1.4586366630e+1
 1.1804434160e+1
 1.2795655880e+1
 1.2876005530e+1
 1.3179336480e+1
 1.4141663130e+1
 1.4393255300e+1
 1.4482169460e+1
 1.4716764900e+1
 1.5125400900e+1
 1.4818639090e+1
 1.2984534840e+1
 1.3894395710e+1
 1.4612969340e+1
 1.2619799070e+1
 1.4367565800e+1
 1.4061537440e+1
 1.3037530330e+1
 1.3565463990e+1
 1.3859829990e+1
 1.4494529980e+1
 1.5557878060e+1
 1.5663710670e+1
 1.4757672360e+1
 1.5518114210e+1
 1.4500199480e+1
 1.2963314300e+1
 1.5291647660e+1
 1.4287702060e+1
 1.4100659350e+1
 1.3971586880e+1
 1.3110142540e+1
 1.5223322370e+1
 1.4406988300e+1
 1.3648438640e+1
 1.6137795710e+1
 1.3121419930e+1
 1.4511302780e+1
 1.1905700880e+1
 1.4575372200e+1
 1.1793990300e+1
 1.3246528470e+1
 1.5916563470e+1
 1.1934885390e+1
 1.5100311340e+1
 1.4134879630e+1
 1.3088140840e+1
 1.3958777390e+1
 1.3086834990e+1
 1.5288709400e+1
 1.4955350690e+1
 1.2492406750e+1
 1.4450847290e+1
 1.2971265190e+1
 1.5290226320e+1
 1.4995537240e+1
 1.4916322190e+1
 1.4641508430e+1
 1.3671064630e+1
 1.3887612520e+1
 1.2042000690e+1
 1.2685446320e+1
 1.3868221990e+1
 1.3830047610e+1
 1.4641224450e+1
 1.3944555870e+1
 1.3407929830e+1
 1.5922029700e+1
 1.5219003460e+1
 1.3674471960e+1
 1.2305968980e+1
 1.5296261140e+1
 1.2962538850e+1
 1.2462506960e+1
 1.4230758150e+1
 1.4726789880e+1
 1.2721544590e+1
 1.4531254910e+1
 1.4684506740e+1
 1.3930902800e+1
 1.3549278960e+1
 1.4680206230e+1
 1.5850706920e+1
 1.4859229580e+1
 1.5164996160e+1
 1.4152755780e+1
 1.3396746810e+1
 1.3893744820e+1
 1.3424234200e+1
 1.5234806190e+1
 1.3574676320e+1
 1.4069589960e+1
 1.3576065110e+1
 1.2961583890e+1
 1.3969642520e+1
 1.2500243970e+1
 1.2137152720e+1
 1.3613960370e+1
 1.3576060170e+1
 1.1896422760e+1
 1.3829945850e+1
 1.2752047950e+1
 1.4533903910e+1
 1.3471328720e+1
 1.2660817380e+1
 1.1990765800e+1
 1.3410166570e+1
 1.1754437140e+1
 1.4270035380e+1
 1.3404639860e+1
 1.3747315440e+1
 1.5330574410e+1
 1.5237744240e+1
 1.3909147180e+1
 1.4720138670e+1
 1.2954919810e+1
 1.2979077460e+1
 1.3387817050e+1
 1.2993189330e+1
 1.4157177990e+1
 1.2270536360e+1
 1.4647123080e+1
 1.3660265240e+1
 1.3792304150e+1
 1.3481685680e+1
 1.3940221880e+1
 1.5303440970e+1
 1.2870376020e+1
 1.4017977950e+1
 1.5234536720e+1
 1.4507334460e+1
 1.4182915180e+1
 1.3543798720e+1
 1.4627353840e+1
 1.5013730060e+1
 1.3259527590e+1
 1.2591406220e+1
 1.3612011100e+1
 1.6098106080e+1
 1.5453762120e+1
 1.5321955830e+1
 1.2461709420e+1
 1.2348233450e+1
 1.5533653730e+1
 1.3615689390e+1
 1.2960094280e+1
 1.4646860300e+1
 1.4056700800e+1
 1.4124461630e+1
 1.3396790850e+1
 1.2452278920e+1
 1.3971877060e+1
 1.4997223770e+1
 1.1599593360e+1
 1.5367623260e+1
 1.3302153940e+1
 1.5689715940e+1
 1.5887983410e+1
 1.0782982450e+1
 1.4229999950e+1
 1.4417342840e+1
 1.4577078860e+1
 1.1676886860e+1
 1.4607322260e+1
 1.3485287300e+1
 1.3149426160e+1
 1.6273521220e+1
 1.5014830360e+1
 1.2544080910e+1
 1.4278957570e+1
 1.3345969000e+1
 1.4927701730e+1
 1.5490769430e+1
 1.4340227300e+1
 1.3761326800e+1
 1.4963875060e+1
 1.4575835970e+1
 1.2725060880e+1
 1.3824285700e+1
 1.4022642930e+1
 1.2617968460e+1
 1.3654677760e+1
 1.1982432660e+1
 1.3939420400e+1
 1.3350674210e+1
 1.4785213080e+1
 1.3621599420e+1
 1.3222888070e+1
 1.3430440800e+1
 1.3169720740e+1
 1.3982819960e+1
 1.5713658320e+1
 1.3093149900e+1
 1.3719744310e+1
 1.5288987000e+1
 1.3527994870e+1
 1.4942248000e+1
 1.4367197500e+1
 1.3921725980e+1
 1.4186228580e+1
 1.3029382280e+1
 1.2466673380e+1
 1.4643406370e+1
 1.4068621320e+1
 1.4332413230e+1
 1.4994829510e+1
 1.3041168020e+1
 1.3637759640e+1
 1.3389022670e+1
 1.4523729210e+1
 1.3427107970e+1
 1.3448827600e+1
 1.4014631520e+1
 1.4556999840e+1
 1.3354953200e+1
 1.3683035320e+1
 1.5625520820e+1
 1.3130196920e+1
 1.4932752240e+1
 1.5075310770e+1
 1.4502964100e+1
 1.5071522340e+1
 1.3724064410e+1
 1.3258278070e+1
 1.2916730440e+1
 1.4310545930e+1
 1.5470894330e+1
 1.3949903990e+1
 1.5307716750e+1
 1.4520988850e+1
 1.2450687510e+1
 1.3249267430e+1
 1.3889975680e+1
 1.2119793740e+1
 1.3643852330e+1
 1.4508530730e+1
 1.3502106730e+1
 1.3996179750e+1
 1.5807736200e+1
 1.5476059900e+1
 1.4098347990e+1
 1.4336144470e+1
 1.4426569590e+1
 1.3915438240e+1
 1.5437586330e+1
 1.3692335580e+1
 1.3800181110e+1
 1.4708022530e+1
 1.4201917890e+1
 1.4373047150e+1
 1.5424009860e+1
 1.4006352680e+1
 1.3853474600e+1
 1.5310832600e+1
 1.4665272920e+1
 1.3014429000e+1
 1.4399532840e+1
 1.2556289010e+1
 1.4517784470e+1
 1.2568794330e+1
 1.5312268990e+1
 1.4945499510e+1
 1.5519544590e+1
 1.5641505550e+1
 1.5194417490e+1
 1.4011338500e+1
 1.3802066470e+1
 1.5187970830e+1
 1.4666396920e+1
 1.3580851230e+1
 1.4503852220e+1
 1.3566092030e+1
 1.3527795190e+1
 1.3006683140e+1
 1.4644193810e+1
 1.3442219390e+1
 1.4371625790e+1
 1.5017491810e+1
 1.3959381660e+1
 1.4859872330e+1
 1.3111735640e+1
 1.3549195740e+1
 1.2656221700e+1
 1.5657466960e+1
 1.5008793520e+1
 1.4728231430e+1
 1.3825075090e+1
 1.2071592060e+1
 1.2697488060e+1
 1.3260860680e+1
 1.5250120700e+1
 1.3823965600e+1
 1.3818319500e+1
 1.4776620610e+1
 1.2966982100e+1
 1.4447278350e+1
 1.4244860300e+1
 1.2642366890e+1
 1.3351205390e+1
 1.3673677710e+1
 1.3906582570e+1
 1.4235907660e+1
 1.3224575060e+1
 1.2978236570e+1
 1.1703909040e+1
 1.4404277220e+1
 1.3734528300e+1
 1.4050798160e+1
 1.3484378920e+1
 1.4461098000e+1
 1.4557187540e+1
 1.4004453470e+1
 1.3025163560e+1
 1.4108009350e+1
 1.4195999170e+1
 1.2832555160e+1
 1.6667813780e+1
 1.4829949560e+1
 1.5107932810e+1
 1.4689788240e+1
 1.4020899450e+1
 1.2318535140e+1
 1.3252553220e+1
 1.3660068530e+1
 1.3441236830e+1
 1.4663195930e+1
 1.4451816820e+1
 1.3482317220e+1
 1.2807545050e+1
 1.4280189610e+1
 1.4047146820e+1
 1.5485507790e+1
 1.4199379980e+1
 1.4329215590e+1
 1.1553229850e+1
 1.2722980440e+1
 1.2940827120e+1
 1.3339913190e+1
 1.3170368920e+1
 1.4273896350e+1
 1.4887743330e+1
 1.2618548360e+1
 1.3281847040e+1
 1.4133201580e+1
 1.5045461340e+1
 1.4206013340e+1
 1.5674641560e+1
 1.2109040150e+1
 1.4599194750e+1
 1.2328459480e+1
 1.5109497100e+1
 1.4208047830e+1
 1.4448502660e+1
 1.2563334600e+1
 1.4738957760e+1
 1.2015523740e+1
 1.4826808260e+1
 1.3911030860e+1
 1.4498188260e+1
 1.2631467430e+1
 1.3464686960e+1
 1.4434067040e+1
 1.2616527470e+1
 1.3495930930e+1
 1.4495888330e+1
 1.5794381410e+1
 1.3990458900e+1
 1.6640471820e+1
 1.5784443650e+1
 1.5647274510e+1
 1.4886310710e+1
 1.4664863170e+1
 1.3108779520e+1
 1.3177817450e+1
 1.3184134130e+1
 1.3397928960e+1
 1.2724665390e+1
 1.3073540910e+1
 1.5012333890e+1
 1.4568642400e+1
 1.3123617060e+1
 1.3850358750e+1
 1.3771590780e+1
 1.2659004500e+1
 1.6164441570e+1
 1.4599091800e+1
 1.3368483740e+1
 1.3712781370e+1
 1.4941029700e+1
 1.3793694490e+1
 1.3905012230e+1
 1.5289832700e+1
 1.3085616590e+1
 1.5312975890e+1
 1.3394650400e+1
 1.4070243100e+1
 1.3330725810e+1
 1.5614280980e+1
 1.5276278680e+1
 1.4166660970e+1
 1.4410600720e+1
 1.6237169040e+1
 1.1803246160e+1
 1.1772168570e+1
 1.4735861160e+1
 1.5703917490e+1
 1.5912009270e+1
 1.2850144810e+1
 1.4201043550e+1
 1.2587015940e+1
 1.2646126440e+1
 1.5302792180e+1
 1.5196178790e+1
 1.5907326930e+1
 1.4198476650e+1
 1.4708358610e+1
 1.4881779090e+1
 1.4075214250e+1
 1.5309016890e+1
 1.4265441360e+1
 1.3005626810e+1
 1.3401831910e+1
 1.4312567210e+1
 1.4178337780e+1
 1.5062655580e+1
 1.3891445220e+1
 1.5798131070e+1
 1.3165775220e+1
 1.4112556290e+1
 1.3851845280e+1
 1.6741005910e+1
 1.4745441990e+1
 1.3217116880e+1
 1.4036275020e+1
 1.3667885200e+1
 1.2603197000e+1
 1.4886481690e+1
 1.3904200960e+1
 1.4820471590e+1
 1.2433418670e+1
 1.3341609250e+1
 1.3611311180e+1
 1.2497421400e+1
 1.4458593310e+1
 1.4363604200e+1
 1.5066201920e+1
 1.5240232920e+1
 1.4597786650e+1
 1.3071530450e+1
 1.3200319460e+1
 1.2199068800e+1
 1.3243434160e+1
 1.4370465580e+1
 1.3422997760e+1
 1.5633086480e+1
 1.4004232150e+1
 1.6030766820e+1
 1.2200514130e+1
 1.4901073020e+1
 1.3435304680e+1
 1.3695091170e+1
 1.3857844350e+1
 1.3260062370e+1
 1.2838461670e+1
 1.4585321130e+1
 1.4864435820e+1
 1.5657583820e+1
 1.3046232790e+1
 1.3552615850e+1
 1.5115099510e+1
 1.4995009670e+1
 1.3086257560e+1
 1.4406743090e+1
 1.4787955300e+1
 1.2945408700e+1
 1.4348773800e+1
 1.4525021000e+1
 1.4296412170e+1
 1.3733092070e+1
 1.5055153490e+1
 1.2511026060e+1
 1.2650148890e+1
 1.5895153280e+1
 1.3307421240e+1
 1.4121307000e+1
 1.3627458960e+1
 1.3705017450e+1
 1.3275810400e+1
 1.2963635490e+1
 1.4679628660e+1
 1.5147682570e+1
 1.4578836010e+1
 1.4403041040e+1
 1.1619502480e+1
 1.2449896630e+1
 1.3779744570e+1
 1.4993948020e+1
 1.4250051810e+1
 1.4020197250e+1
 1.5297757980e+1
 1.5298537360e+1
 1.2907209780e+1
 1.4633015640e+1
 1.5896632570e+1
 1.3819290910e+1
 1.5074370670e+1
 1.2607965480e+1
 1.4914653510e+1
 1.4092652790e+1
 1.3106939060e+1
 1.3257367680e+1
 1.1938839910e+1
 1.3779997140e+1
 1.3151148810e+1
 1.4094201850e+1
 1.2871230340e+1
 1.5036689200e+1
 1.3944622700e+1
 1.3658883740e+1
 1.3830222280e+1
 1.4085044370e+1
 1.4454709950e+1
 1.4142688840e+1
 1.1727069830e+1
 1.3832896600e+1
 1.3937698440e+1
 1.3800062630e+1
 1.4651879730e+1
 1.4831127030e+1
 1.4089808790e+1
 1.3168183750e+1
 1.3252111260e+1
 1.2252534940e+1
 1.4296508230e+1
 1.3918615130e+1
 1.4505215090e+1
 1.3313854260e+1
 1.4107997040e+1
 1.4606326980e+1
 1.3784969860e+1
 1.2912890960e+1
 1.3723041700e+1
 1.5384931670e+1
 1.4058125790e+1
 1.3910090000e+1
 1.2404410760e+1
 1.5069504330e+1
 1.4624197550e+1
 1.5687438360e+1
 1.5056518200e+1
 1.2642374260e+1
 1.4226649680e+1
 1.2241320740e+1
 1.4612626050e+1
 1.2986916310e+1
 1.3088165180e+1
 1.3692278310e+1
 1.3570042230e+1
 1.3464967150e+1
 1.2801150630e+1
 1.3432417260e+1
 1.2694069720e+1
 1.6799442460e+1
 1.4605087790e+1
 1.2560918680e+1
 1.6372219660e+1
 1.5083481330e+1
 1.4143565890e+1
 1.3115117020e+1
 1.5727401050e+1
 1.4263954720e+1
 1.4301950070e+1
 1.2588734510e+1
 1.3899123450e+1
 1.5577096810e+1
 1.3731917200e+1
 1.4548421070e+1
 1.4230325310e+1
 1.4077938730e+1
 1.3582545620e+1
 1.3499738020e+1
 1.3517950240e+1
 1.5623029200e+1
 1.3322404240e+1
 1.3318725650e+1
 1.4705256690e+1
 1.4584767090e+1
 1.3832382000e+1
 1.3372558590e+1
 1.3692867200e+1
 1.5130102840e+1
 1.3921388800e+1
 1.4621811300e+1
 1.4221656450e+1
 1.3336899680e+1
 1.3577060740e+1
 1.2854972880e+1
 1.3531730690e+1
 1.3259786680e+1
 1.1939000150e+1
 1.4847796200e+1
 1.4570978380e+1
 1.3610760670e+1
 1.5411995280e+1
 1.3505075230e+1
 1.3482013560e+1
 1.5383815340e+1
 1.5589145730e+1
 1.4388745340e+1
 1.4227163620e+1
 1.3328577310e+1
 1.2966460100e+1
 1.5816373740e+1
 1.3966304870e+1
 1.3224461090e+1
 1.4422250190e+1
 1.6809322780e+1
 1.4086187450e+1
 1.2693385100e+1
 1.4587536620e+1
 1.5407619350e+1
 1.3798940350e+1
 1.5931181750e+1
 1.5181181540e+1
 1.4527608810e+1
 1.3895832320e+1
 1.2926224160e+1
 1.3822937790e+1
 1.4063859240e+1
 1.5013286590e+1
 1.3987651160e+1
 1.2763750960e+1
 1.3194825640e+1
 1.5514072580e+1
 1.3295770750e+1
 1.4003674970e+1
 1.3353788280e+1
 1.4656069240e+1
 1.3360225680e+1
 1.4436891070e+1
 1.2266559930e+1
 1.4434832040e+1
 1.1713138700e+1
 1.4035343060e+1
 1.3121955170e+1
 1.5128636280e+1
 1.2241991210e+1
 1.6159933300e+1
 1.3932403660e+1
 1.3630677040e+1
 1.3531335370e+1
 1.4593132170e+1
 1.3034502970e+1
 1.4733567790e+1
 1.4477859110e+1
 1.2341293220e+1
 1.4830011440e+1
 1.3506594090e+1
 1.2904002790e+1
 1.4720919280e+1
 1.4462500710e+1
 1.4124854770e+1
 1.7239797550e+1
 1.5266119250e+1
 1.3080471000e+1
 1.4861003570e+1
 1.4949694210e+1
 1.3790213690e+1
 1.4608207200e+1
 1.5633116200e+1
 1.3449458070e+1
 1.4352654960e+1
 1.2984302950e+1
 1.5361136580e+1
 1.3574392370e+1
 1.2310497850e+1
 1.3664517700e+1
 1.5229349070e+1
 1.2887115310e+1
 1.6108394030e+1
 1.3756488420e+1
 1.5120450750e+1
 1.2529025750e+1
 1.4437652730e+1
 1.3921867160e+1
 1.4262388320e+1
 1.3085102570e+1
 1.3752045400e+1
 1.4624251460e+1
 1.2837167000e+1
 1.2905247010e+1
 1.4628592910e+1
 1.3907187270e+1
 1.4779120780e+1
 1.2845093190e+1
 1.2722378260e+1
 1.3102950690e+1
 1.3614684850e+1
 1.3040265690e+1
 1.4503167890e+1
 1.3565427860e+1
 1.5022134540e+1
 1.4189992970e+1
 1.1660520410e+1
 1.4063089480e+1
 1.3270572090e+1
 1.3598870220e+1
 1.6683480390e+1
 1.3303439770e+1
 1.3295133160e+1
 1.4141128720e+1
 1.5694985380e+1
 1.1642640000e+1
 1.4277734270e+1
 1.5898631330e+1
 1.5397736230e+1
 1.4881580140e+1
 1.3107422800e+1
 1.4125696640e+1
 1.3394951850e+1
 1.4025620830e+1
 1.4006611970e+1
 1.3815232640e+1
 1.5187079720e+1
 1.3727458000e+1
 1.4934086570e+1
 1.3483328470e+1
 1.3972551440e+1
 1.3214698680e+1
 1.4445553510e+1
 1.5053173730e+1
 1.3813054950e+1
 1.3367420550e+1
 1.3874350960e+1
 1.5681102720e+1
 1.5810817220e+1
 1.3939271090e+1
 1.3542639570e+1
 1.5026986330e+1
 1.3314742540e+1
 1.4045332770e+1
 1.3041221640e+1
 1.3346874810e+1
 1.3060122670e+1
 1.4885555380e+1
 1.3319908450e+1
 1.5995670190e+1
 1.4089398660e+1
 1.5530979480e+1
 1.3379896910e+1
 1.4287146520e+1
 1.2498845120e+1
 1.3106386910e+1
 1.3369073300e+1
 1.4093902180e+1
 1.4439544800e+1
 1.3734297610e+1
 1.2668043650e+1
 1.3241615170e+1
 1.5547596970e+1
 1.5648953970e+1
 1.4972714110e+1
 1.3096841930e+1
 1.4271086400e+1
 1.4892363950e+1
 1.4377876420e+1
 1.5292857170e+1
 1.3337125360e+1
 1.4815438250e+1
 1.3861154900e+1
 1.5440923950e+1
 1.3857081810e+1
 1.2709931480e+1
 1.3359823460e+1
 1.3475768350e+1
 1.1738376770e+1
 1.4202878040e+1
 1.3962888780e+1
 1.2945523470e+1
 1.4046128880e+1
 1.3799714060e+1
 1.5157714300e+1
 1.3670898260e+1
 1.1717181330e+1
 1.4547957020e+1
 1.2850883350e+1
 1.2531732400e+1
 1.3851425870e+1
 1.3372065190e+1
 1.3821625170e+1
 1.4015045450e+1
 1.5393679750e+1
 1.3421567190e+1
 1.3522063340e+1
 1.4187312040e+1
 1.4353606470e+1
 1.4711810310e+1
 1.5191229870e+1
 1.4450332650e+1
 1.5503327750e+1
 1.3298099730e+1
 1.5602752060e+1
 1.4523239920e+1
 1.4521665250e+1
 1.5791762340e+1
 1.2751681890e+1
 1.3048695150e+1
 1.3818580000e+1
 1.3637713750e+1
 1.4773065910e+1
 1.4128503110e+1
 1.2864584640e+1
 1.4937868980e+1
 1.3142679680e+1
 1.5210696030e+1
 1.3666727730e+1
 1.2650583590e+1
 1.3669813830e+1
 1.4368295240e+1
 1.4784844050e+1
 1.3044271360e+1
 1.5092177370e+1
 1.1683866790e+1
 1.4325677080e+1
 1.2840061220e+1
 1.4362065600e+1
 1.3389223390e+1
 1.3976660880e+1
 1.3003640850e+1
 1.4933672530e+1
 1.5843437740e+1
 1.3830542640e+1
 1.5000307170e+1
 1.3403741640e+1
 1.3388852850e+1
 1.3298481480e+1
 1.6094355220e+1
 1.4066143540e+1
 1.4238598070e+1
 1.4586748310e+1
 1.4206206300e+1
 1.5253080180e+1
 1.3681246600e+1
 1.2606678280e+1
 1.5165879130e+1
 1.1149240710e+1
 1.2219354340e+1
 1.4250840490e+1
 1.3665126500e+1
 1.4677482460e+1
 1.3240884000e+1
 1.4988697490e+1
 1.4888726500e+1
 1.3167447790e+1
 1.4865273710e+1
 1.6452342300e+1
 1.5347864820e+1
 1.4316437730e+1
 1.2848760240e+1
 1.3655257930e+1
 1.5474460960e+1
 1.3944255340e+1
 1.2977884730e+1
 1.3761572950e+1
 1.4195871430e+1
 1.5503321250e+1
 1.3024520740e+1
 1.3331904550e+1
 1.3981657780e+1
 1.4631553560e+1
 1.3498078870e+1
 1.3831920020e+1
 1.1569709340e+1
 1.4746422420e+1
 1.3133555920e+1
 1.4907101350e+1
 1.2509368740e+1
 1.4325108790e+1
 1.5033336040e+1
 1.4706440320e+1
 1.5040033020e+1
 1.2983450670e+1
 1.3365263240e+1
 1.4392413060e+1
 1.4026457900e+1
 1.4068483810e+1
 1.4211542910e+1
 1.4283950890e+1
 1.4525707910e+1
 1.5804801080e+1
 1.3300303480e+1
 1.4068628860e+1
 1.4415698990e+1
 1.5240036510e+1
 1.4599699080e+1
 1.4945748020e+1
 1.4021866540e+1
 1.3434427410e+1
 1.5758421870e+1
 1.3677484940e+1
 1.4641009490e+1
 1.2938017620e+1
 1.4405253010e+1
 1.2298615550e+1
 1.3914364890e+1
 1.3730883850e+1
 1.1950876380e+1
 1.1814897500e+1
 1.1952768710e+1
 1.5076125080e+1
 1.3597386300e+1
 1.4008411460e+1
 1.5670927110e+1
 1.2188168570e+1
 1.4223702360e+1
 1.4748923250e+1
 1.3262707930e+1
 1.5781345990e+1
 1.3726973640e+1
 1.3962710400e+1
 1.4257186130e+1
 1.4394258290e+1
 1.5696310200e+1
 1.4919883750e+1
 1.5451099970e+1
 1.4923938160e+1
 1.3637764720e+1
 1.4275883150e+1
 1.4632096690e+1
 1.2683051210e+1
 1.4740382030e+1
 1.3854283780e+1
 1.4425653360e+1
 1.5087394980e+1
 1.4791753040e+1
 1.3857126800e+1
 1.4533259370e+1
 1.3555727120e+1
 1.4336090150e+1
 1.3370492750e+1
 1.4322409820e+1
 1.4463437070e+1
 1.5739424620e+1
 1.3559895620e+1
 1.4755491580e+1
 1.3751800470e+1
 1.2499892460e+1
 1.3418479770e+1
 1.6850581250e+1
 1.4257277170e+1
 1.4036184900e+1
 1.4465751940e+1
 1.2366693940e+1
 1.4278234240e+1
 1.3433089690e+1
 1.4560684280e+1
 1.4023223260e+1
 1.5364668270e+1
 1.3350358680e+1
 1.3392664530e+1
 1.3275134440e+1
 1.3472352720e+1
 1.3595765590e+1
 1.4346751050e+1
 1.4744617830e+1
 1.1534356650e+1
 1.3202418740e+1
 1.3538551970e+1
 1.1650175040e+1
 1.3949662510e+1
 1.4983281360e+1
 1.4010678890e+1
 1.3327876100e+1
 1.4058738470e+1
 1.5614830970e+1
 1.3964892310e+1
 1.3803186940e+1
 1.4463477850e+1
 1.4437491420e+1
 1.3860271130e+1
 1.4929289420e+1
 1.2341028110e+1
 1.4617189600e+1
 1.7699172840e+1
 1.3816670800e+1
 1.5086336040e+1
 1.3807561650e+1
 1.4616009870e+1
 1.1789780140e+1
 1.2573331420e+1
 1.3922399260e+1
 1.3834199910e+1
 1.3512891160e+1
 1.5283403790e+1
 1.4605809410e+1
 1.3997446080e+1
 1.4343753610e+1
 1.5979007370e+1
 1.5735871480e+1
 1.2710852450e+1
 1.4070435530e+1
 1.1986733530e+1
 1.3411065980e+1
 1.3426195090e+1
 1.3795097300e+1
 1.4252904370e+1
 1.3891599710e+1
 1.4350695140e+1
 1.3123295450e+1
 1.3570974290e+1
 1.4898982950e+1
 1.3875276520e+1
 1.5712054620e+1
 1.3734463070e+1
 1.3723526570e+1
 1.5358785510e+1
 1.5864451680e+1
 1.3069742900e+1
 1.2654382530e+1
 1.4606045720e+1
 1.4672172960e+1
 1.3435756360e+1
 1.4208721560e+1
 1.4938294320e+1
 1.3354000240e+1
 1.4503920510e+1
 1.3143215780e+1
 1.2782397340e+1
 1.2640736180e+1
 1.4317762290e+1
 1.4122788130e+1
 1.3931203610e+1
 1.4045991690e+1
 1.4377524270e+1
 1.3799186780e+1
 1.3978244240e+1
 1.4385778740e+1
 1.4223055500e+1
 1.1458710330e+1
 1.5288856190e+1
 1.3358668560e+1
 1.4301015050e+1
 1.4435573590e+1
 1.5388872400e+1
 1.3903285500e+1
 1.5128652750e+1
 1.4258034600e+1
 1.4145036150e+1
 1.4701012240e+1
 1.4276965650e+1
 1.5166203870e+1
 1.4980646100e+1
 1.4024590930e+1
 1.2497154710e+1
 1.4347999890e+1
 1.5443491920e+1
 1.4135551140e+1
 1.3246081040e+1
 1.5960178240e+1
 1.4456887110e+1
 1.3236523820e+1
 1.4566258620e+1
 1.4542066370e+1
 1.2425089500e+1
 1.6041124500e+1
 1.3299313740e+1
 1.3317764350e+1
 1.4140719860e+1
 1.3534593190e+1
 1.5014142450e+1
 1.3910992860e+1
 1.4073325580e+1
 1.3601918560e+1
 1.3966090630e+1
 1.4802622560e+1
 1.3610214390e+1
 1.3836675750e+1
 1.3496188890e+1
 1.3528255990e+1
 1.4316129200e+1
 1.4947096780e+1
 1.3514734950e+1
 1.3608675870e+1
 1.3720437690e+1
 1.3095391810e+1
 1.2414404430e+1
 1.1488323650e+1
 1.3641312580e+1
 1.3629396500e+1
 1.4363389520e+1
 1.3247781570e+1
 1.2022628510e+1
 1.3910570310e+1
 1.4386888830e+1
 1.3519986790e+1
 1.5115004470e+1
 1.3059730470e+1
 1.4801491300e+1
 1.4031700690e+1
 1.3878178210e+1
 1.3228201530e+1
 1.2874346950e+1
 1.4326464350e+1
 1.3120602890e+1
 1.4049845530e+1
 1.3930617060e+1
 1.4011225160e+1
 1.4380083380e+1
 1.4766955910e+1
 1.4232722450e+1
 1.2334542260e+1
 1.2527758630e+1
 1.3123680110e+1
 1.3776073690e+1
 1.4113934510e+1
 1.4685485280e+1
 1.2729444110e+1
 1.5084508130e+1
 1.3379555660e+1
 1.1772308780e+1
 1.3883782740e+1
 1.2663022870e+1
 1.3189712660e+1
 1.4447777280e+1
 1.5367354690e+1
 1.3724330260e+1
 1.2783904520e+1
 1.4597493360e+1
 1.2527297630e+1
 1.4654418150e+1
 1.2859642760e+1
 1.4632558210e+1
 1.5084491580e+1
 1.5345209500e+1
 1.4033555300e+1
 1.5295033600e+1
 1.3918097930e+1
 1.4758674250e+1
 1.2042698960e+1
 1.4748823080e+1
 1.4054398480e+1
 1.3508693920e+1
 1.4200640590e+1
 1.2860575030e+1
 1.4139097690e+1
 1.3543651230e+1
 1.4303022720e+1
 1.4029595010e+1
 1.4984004700e+1
 1.3131319610e+1
 1.3984682320e+1
 1.2949677670e+1
 1.3645719330e+1
 1.1279085660e+1
 1.4303500820e+1
 1.5210822470e+1
 1.5428294120e+1
 1.6815495770e+1
 1.4266667190e+1
 1.4033432550e+1
 1.2772911370e+1
 1.2972084920e+1
 1.4362129400e+1
 1.2395181630e+1
 1.3738603990e+1
 1.3113305110e+1
 1.4075125830e+1
 1.3977163680e+1
 1.3832440350e+1
 1.4335895100e+1
 1.3217622910e+1
 1.3308983530e+1
 1.3184688920e+1
 1.4957075070e+1
 1.4215947180e+1
 1.3468299170e+1
 1.4045817040e+1
 1.3090645720e+1
 1.4059508820e+1
 1.1761693740e+1
 1.5440443140e+1
 1.2850057670e+1
 1.2425250660e+1
 1.4415473710e+1
 1.5546944100e+1
 1.2198278080e+1
 1.5568060650e+1
 1.3607399100e+1
 1.3001675710e+1
 1.3411964370e+1
 1.4162466600e+1
 1.6473409690e+1
 1.3186842760e+1
 1.4422794870e+1
 1.4945616660e+1
 1.3985443550e+1
 1.4254211460e+1
 1.4119397390e+1
 1.3750222940e+1
 1.1367637550e+1
 1.2449444760e+1
 1.4184578600e+1
 1.5190436840e+1
 1.2623540120e+1
 1.5126498360e+1
 1.4093652220e+1
 1.3917184260e+1
 1.4767624840e+1
 1.3838701600e+1
 1.4226027940e+1
 1.4858771080e+1
 1.3706536510e+1
 1.4174499740e+1
 1.6026443270e+1
 1.4446520510e+1
 1.4171008330e+1
 1.2899845250e+1
 1.4009012870e+1
 1.2752221870e+1
 1.4383511410e+1
 1.4106420250e+1
 1.4482336110e+1